47.579228999999955 0.0 0.0 0.0 0.0 0.0 0.0
47.63419699999996 0.0 0.0 0.0 0.0 0.0 0.0
47.68842199999996 0.0 0.0 0.0 0.0 0.0 0.0
47.74230799999996 0.0 0.0 0.0 0.0 0.0 0.0
47.79630099999996 0.0 0.0 0.0 0.0 0.0 0.0
47.85161199999996 0.0 0.0 0.0 0.0 0.0 0.0
47.909998999999964 0.0 0.0 0.0 0.0 0.0 0.0
47.96403499999997 0.0 0.0 0.0 0.0 0.0 0.0
48.01802199999997 0.0 0.0 0.0 0.0 0.0 0.0
48.07249999999997 0.0 0.0 0.0 0.0 0.0 0.0
48.12898399999997 0.0 0.0 0.0 0.0 0.0 0.0
48.183668999999966 0.0 0.0 0.0 0.0 0.0 0.0
48.24039799999996 0.0 0.0 0.0 0.0 0.0 0.0
48.294403999999965 0.0 0.0 0.0 0.0 0.0 0.0
48.34821499999997 0.0 0.0 0.0 0.0 0.0 0.0
48.402337999999965 0.0 0.0 0.0 0.0 0.0 0.0
48.45705799999997 0.0 0.0 0.0 0.0 0.0 0.0
48.51314099999997 0.0 0.0 0.0 0.0 0.0 0.0
48.571777999999966 0.0 0.0 0.0 0.0 0.0 0.0
48.628669999999964 0.0 0.0 0.0 0.0 0.0 0.0
48.68777899999996 0.0 0.0 0.0 0.0 0.0 0.0
48.748271999999965 0.0 0.0 0.0 0.0 0.0 0.0
48.80230199999996 0.0 0.0 0.0 0.0 0.0 0.0
48.85636199999996 0.0 0.0 0.0 0.0 0.0 0.0
48.912716999999965 0.0 0.0 0.0 0.0 0.0 0.0
48.967358999999966 0.0 0.0 0.0 0.0 0.0 0.0
49.02213799999997 0.0 0.0 0.0 0.0 0.0 0.0
49.07676299999997 0.0 0.0 0.0 0.0 0.0 0.0
49.13061999999997 0.0 0.0 0.0 0.0 0.0 0.0
49.185176999999975 0.0 0.0 0.0 0.0 0.0 0.0
49.24008299999998 0.0 0.0 0.0 0.0 0.0 0.0
49.29551899999998 0.0 0.0 0.0 0.0 0.0 0.0
49.349936999999976 0.0 0.0 0.0 0.0 0.0 0.0
49.40407499999998 0.0 0.0 0.0 0.0 0.0 0.0
49.459263999999976 0.0 0.0 0.0 0.0 0.0 0.0
49.51352199999997 0.0 0.0 0.0 0.0 0.0 0.0
49.56773999999997 0.0 0.0 0.0 0.0 0.0 0.0
49.62717499999997 0.0 0.0 0.0 0.0 0.0 0.0
49.682032999999976 0.0 0.0 0.0 0.0 0.0 0.0
49.736435999999976 0.0 0.0 0.0 0.0 0.0 0.0
49.79054899999998 0.0 0.0 0.0 0.0 0.0 0.0
49.84507499999998 0.0 0.0 0.0 0.0 0.0 0.0
49.89957899999998 0.0 0.0 0.0 0.0 0.0 0.0
49.953406999999984 0.0 0.0 0.0 0.0 0.0 0.0
50.009008999999985 0.0 0.0 0.0 0.0 0.0 0.0
50.06317699999998 0.0 0.01 0.0 0.0 0.0 0.01
50.11736699999998 0.0 0.01 0.0 0.0 0.0 0.01
50.17145399999998 0.0 0.01 0.0 0.0 0.0 0.01
50.226120999999985 0.0 0.01 0.0 0.0 0.0 0.01
50.28119199999998 0.0 0.01 0.0 0.0 0.0 0.01
50.335425999999984 0.0 0.01 0.0 0.0 0.0 0.01
50.389566999999985 0.0 0.01 0.0 0.0 0.0 0.01
50.443843999999984 0.0 0.01 0.0 0.0 0.0 0.01
50.498153999999985 0.0 0.01 0.0 0.0 0.0 0.01
50.552365999999985 0.0 0.01 0.0 0.0 0.0 0.01
50.606726999999985 0.0 0.01 0.0 0.0 0.0 0.01
50.661138999999984 0.0 0.01 0.0 0.0 0.0 0.01
50.71519399999998 0.0 0.01 0.0 0.0 0.0 0.01
50.76937599999998 0.0 0.01 0.0 0.0 0.0 0.01
50.82397999999998 0.0 0.01 0.0 0.0 0.0 0.01
50.87832699999998 0.0 0.01 0.0 0.0 0.0 0.01
50.932038999999975 0.0 0.01 0.0 0.0 0.0 0.01
50.98585499999997 0.0 0.01 0.0 0.0 0.0 0.01
51.03962799999997 0.0 0.01 0.0 0.0 0.0 0.01
51.095709999999976 0.0 0.01 0.0 0.0 0.0 0.01
51.15093899999997 0.0 0.01 0.0 0.0 0.0 0.01
51.20475399999997 0.0 0.01 0.0 0.0 0.0 0.01
51.258170999999976 0.0 8.23 0.0 0.0 0.0 8.23
51.31414899999998 0.0 10.97 0.0 0.0 0.0 10.97
51.37705699999998 0.0 21.94 0.0 0.0 0.0 21.94
51.43453699999998 0.0 24.68 0.0 0.0 0.0 24.68
51.49083299999998 0.0 27.42 0.0 0.0 0.0 27.42
51.54758299999998 0.0 27.42 0.0 0.0 0.0 27.42
51.60262499999998 0.0 30.16 0.0 0.0 0.0 30.16
51.65646499999998 0.0 32.9 0.0 0.0 0.0 32.9
51.710363999999984 0.0 35.65 0.0 0.0 0.0 35.65
51.767515999999986 0.0 41.13 0.0 0.0 0.0 41.13
51.82315899999999 0.0 43.87 0.0 0.006033871759930998 0.0 43.87
51.88392999999999 0.0 43.87 0.0 0.01499566710724093 0.0 43.87
51.94085599999999 0.0 43.87 0.0 0.0 0.0 43.87
51.99513599999999 0.0 43.87 0.0 0.0 0.0 43.87
52.04884999999999 0.0 43.87 0.0 0.0 0.0 43.87
52.10335999999999 0.0 43.87 0.0 0.0 0.0 43.87
52.15790999999999 0.0 43.87 0.0 0.0 0.0 43.87
52.21184799999999 0.0 43.87 0.0 0.0 0.0 43.87
52.26621099999999 0.0 43.87 0.0 0.0 0.0 43.87
52.32097799999999 0.0 43.87 0.0 0.0 0.0 43.87
52.37527399999999 0.0 43.87 0.0 0.0 0.0 43.87
52.42916399999999 0.0 43.87 0.0 0.0 0.0 43.87
52.484058999999995 0.0 43.87 0.0 0.0 0.0 43.87
52.538236 0.0 49.35 0.0 0.0 0.0 49.35
52.592755999999994 0.0 49.35 0.0 0.13987814036190296 0.0 49.35
52.657416 0.0 49.35 0.0 0.24478613338227953 0.0 49.35
52.711558 0.0 49.35 0.0 0.20286623094657297 0.0 49.35
52.767619999999994 0.0 49.35 0.0 0.22500684707964155 0.0 49.35
52.82161899999999 0.0 49.35 0.0 0.20251523600973467 0.0 49.35
52.87581499999999 0.0 49.35 0.0 0.22390400388925288 0.0 49.35
52.93283699999999 0.0 49.35 0.0 0.18757328743627377 0.0 49.35
52.98729599999999 0.0 49.35 0.0 0.22722631021282813 0.0 49.35
53.041487999999994 0.0 49.35 0.0 0.21949522368031246 0.0 49.35
53.095718999999995 0.0 49.35 0.0 0.22022179949296866 0.0 49.35
53.149823 0.0 49.35 0.0 0.1843921946047581 0.0 49.35
53.204 0.0 49.35 0.0 0.21424415678175873 0.0 49.35
53.268575 0.0 49.35 0.0 0.19831493375853862 0.0 49.35
53.322483999999996 0.0 49.35 0.0 0.17883122615069824 0.0 49.35
53.37645799999999 0.0 49.35 0.0 0.1812817710456343 0.0 49.35
53.431191999999996 0.0 49.35 0.0 0.19804314934136513 0.0 49.35
53.485189 0.0 49.35 0.0 0.23450001125245024 0.0 49.35
53.539316 0.0 49.35 0.0 0.2179865625001221 0.0 49.35
53.594444 0.0 49.35 0.0 0.19488766584695427 0.0 49.35
53.648608 0.0 49.35 0.0 0.1771037833974282 0.0 49.35
53.703395 0.0 49.35 0.0 0.21973780096633447 0.0 49.35
53.757467 0.0 49.35 0.0 0.19691967653446354 0.0 49.35
53.811647 0.0 49.35 0.0 0.198297660443169 0.0 49.35
53.86592 0.0 93.23 0.0 0.1590732849030728 0.0 93.23
53.920516 0.0 93.23 0.0 0.96021372546199 0.0 93.23
53.983366 0.0 93.23 0.0 1.6399843593590617 0.0 93.23
54.03745 0.0 93.23 0.0 1.7169004780660222 0.0 93.23
54.091454 0.0 93.23 0.0 1.7558576877107268 0.0 93.23
54.145559 0.0 93.23 0.0 1.7977906689720795 0.0 93.23
54.199889 0.0 93.23 0.0 1.8185953991637123 0.0 93.23
54.253992 0.0 93.23 0.0 1.8377504064953973 0.0 93.23
54.307767999999996 0.0 93.23 0.0 1.8453577293986485 0.0 93.23
54.363434999999996 0.0 93.23 0.0 1.8498767760518378 0.0 93.23
54.417680999999995 0.0 93.23 0.0 1.8753464970756493 0.0 93.23
54.47221999999999 0.0 93.23 0.0 1.8767041619102232 0.0 93.23
54.526354999999995 0.0 93.23 0.0 1.880077756109455 0.0 93.23
54.580709999999996 0.0 93.23 0.0 1.8768802421135833 0.0 93.23
54.634845999999996 0.0 93.23 0.0 1.8827009580841667 0.0 93.23
54.688874 0.0 93.23 0.0 1.8829134167536403 0.0 93.23
54.743314999999996 0.0 93.23 0.0 1.868629269858483 0.0 93.23
54.80322699999999 0.0 93.23 0.0 1.8869236927929776 0.0 93.23
54.85738399999999 0.0 93.23 0.0 1.8722289520104112 0.0 93.23
54.91161199999999 0.0 93.23 0.0 1.8680087198640638 0.0 93.23
54.96550399999999 0.0 93.23 0.0 1.867195342687463 0.0 93.23
55.01973799999999 0.0 93.23 0.0 1.8501145393737255 0.0 93.23
55.07488499999999 0.0 93.23 0.0 1.8568830858077747 0.0 93.23
55.12902899999999 0.0 93.23 0.0 1.8469889406408242 0.0 93.23
55.18324299999999 0.0 93.23 0.0 1.8419500398826447 0.0 93.23
55.23749099999999 0.0 93.23 0.0 1.8425638909349118 0.0 93.23
55.29188499999999 0.0 126.13 0.0 1.8385000037146888 0.0 126.13
55.346664 0.0 126.13 0.0 2.3071460750084354 0.0 126.13
55.401021 0.0 126.13 0.0 2.7415384816561157 0.0 126.13
55.46561 0.0 126.13 0.0 2.88719600639986 0.0 126.13
55.519903 0.0 126.13 0.0 2.964740494275223 0.0 126.13
55.574191 0.0 126.13 0.0 3.0065378766359077 0.0 126.13
55.628881 0.0 126.13 0.0 3.0458284057449 0.0 126.13
55.683845 0.0 126.13 0.0 3.063804651803669 0.0 126.13
55.738261 0.0 126.13 0.0 3.0655721064261803 0.0 126.13
55.792399 0.0 126.13 0.0 3.070682566475502 0.0 126.13
55.850192 0.0 126.13 0.0 3.0690236879833055 0.0 126.13
55.90448 0.0 126.13 0.0 3.0754505872963844 0.0 126.13
55.958785 0.0 126.13 0.0 3.0736046079831767 0.0 126.13
56.014880999999995 0.0 126.13 0.0 3.0276286416202156 0.0 126.13
56.071391999999996 0.0 126.13 0.0 3.136949611692941 0.0 126.13
56.125454 0.0 126.13 0.0 3.0980662423876795 0.0 126.13
56.179766 0.0 126.13 0.0 3.1076495959400208 0.0 126.13
56.235721 0.0 126.13 0.0 3.119261092825617 0.0 126.13
56.290392999999995 0.0 126.13 0.0 3.137192162569813 0.0 126.13
56.34476299999999 0.0 126.13 0.0 3.171378914802114 0.0 126.13
56.399331999999994 0.0 126.13 0.0 3.1580557661777116 0.0 126.13
56.45346299999999 0.0 126.13 0.0 3.1720903530046662 0.0 126.13
56.50790099999999 0.0 126.13 0.0 3.1453909113541765 0.0 126.13
56.56227099999999 0.0 126.13 0.0 3.13432803457355 0.0 126.13
56.61759199999999 0.0 126.13 0.0 3.1255310653095183 0.0 126.13
56.67193799999999 0.0 126.13 0.0 3.13747730712478 0.0 126.13
56.72619299999999 0.0 126.13 0.0 3.1445077546077354 0.0 126.13
56.783025999999985 0.0 126.13 0.0 3.1715003747259627 0.0 126.13
56.837265999999985 0.0 126.13 0.0 3.186938436898381 0.0 126.13
56.89345999999998 0.0 126.13 0.0 3.2160998196070323 0.0 126.13
56.947332999999986 0.0 126.13 0.0 3.214880989432666 0.0 126.13
57.00600499999999 0.0 126.13 0.0 3.223327676258583 0.0 126.13
57.06269099999999 0.0 126.13 0.0 3.217800283927015 0.0 126.13
57.117038999999984 0.0 126.13 0.0 3.2141411678243257 0.0 126.13
57.17183699999998 0.0 126.13 0.0 3.2332609404200956 0.0 126.13
57.226196999999985 0.0 126.13 0.0 3.2151962965812335 0.0 126.13
57.28083299999999 0.0 126.13 0.0 3.219145350216135 0.0 126.13
57.33515099999999 0.0 126.13 0.0 3.203554231308973 0.0 126.13
57.39948899999999 0.0 126.13 0.0 2.715069541933483 0.0 126.13
57.45371699999999 0.0 126.13 0.0 3.7943927122238796 0.0 126.13
57.50798999999999 0.0 126.13 0.0 3.1947218051367123 0.0 126.13
57.56220999999999 0.0 126.13 0.0 3.1721911172669444 0.0 126.13
57.61634099999999 0.0 126.13 0.0 3.173862470520311 0.0 126.13
57.670064999999994 0.0 126.13 0.0 3.167552658153999 0.0 126.13
57.72415699999999 0.0 126.13 0.0 3.1708306202768766 0.0 126.13
57.78733299999999 0.0 126.13 0.0 2.722492756398217 0.0 126.13
57.84159199999999 0.0 126.13 0.0 3.6941043444164245 0.0 126.13
57.89579199999999 0.0 126.13 0.0 3.1760164597430407 0.0 126.13
57.94993399999999 0.0 126.13 0.0 3.1785329110755627 0.0 126.13
58.01199899999999 0.0 126.13 0.0 3.183897141273326 0.0 126.13
58.06617399999999 0.0 126.13 0.0 3.1881061574067204 0.0 126.13
58.12037999999999 0.0 126.13 0.0 3.2004402284511704 0.0 126.13
58.17507299999999 0.0 126.13 0.0 3.2149134643882955 0.0 126.13
58.22944199999999 0.0 126.13 0.0 3.220839327714206 0.0 126.13
58.283235999999995 0.0 126.13 0.0 3.24545893028362 0.0 126.13
58.33749099999999 0.0 126.13 0.0 3.2373312896748736 0.0 126.13
58.392033999999995 0.0 126.13 0.0 3.250135847063414 0.0 126.13
58.446405 0.0 126.13 0.0 3.226013736885689 0.0 126.13
58.500724 0.0 126.13 0.0 3.260889739621877 0.0 126.13
58.554925999999995 0.0 126.13 0.0 3.228993153670608 0.0 126.13
58.608858 0.0 126.13 0.0 3.2335972096194894 0.0 126.13
58.663328 0.0 126.13 0.0 3.2271947652133166 0.0 126.13
58.717757 0.0 126.13 0.0 3.2454874662463724 0.0 126.13
58.782269 0.0 126.13 0.0 3.2437941003489894 0.0 126.13
58.836489 0.0 126.13 0.0 3.2659591759480087 0.0 126.13
58.890572 0.0 126.13 0.0 3.2449664290340996 0.0 126.13
58.945071 0.0 126.13 0.0 3.2369184951508347 0.0 126.13
58.999098 0.0 126.13 0.0 3.250105426447713 0.0 126.13
59.05328299999999 0.0 126.13 0.0 3.245054205182044 0.0 126.13
59.10768699999999 0.0 126.13 0.0 3.2267017614159053 0.0 126.13
59.16185199999999 0.0 126.13 0.0 3.2311988722469174 0.0 126.13
59.21593599999999 0.0 126.13 0.0 3.225396197689113 0.0 126.13
59.270391999999994 0.0 126.13 0.0 3.21393210877138 0.0 126.13
59.326235 0.0 126.13 0.0 3.226866707558351 0.0 126.13
59.380537 0.0 126.13 0.0 3.218630449746894 0.0 126.13
59.436482 0.0 126.13 0.0 3.2055515079279027 0.0 126.13
59.490930999999996 0.0 126.13 0.0 3.1852761258573064 0.0 126.13
59.545945999999994 0.0 126.13 0.0 3.2021994880328433 0.0 126.13
59.600111999999996 0.0 126.13 0.0 3.1859794213648787 0.0 126.13
59.656406999999994 0.0 126.13 0.0 3.1575058526081663 0.0 126.13
59.71393799999999 0.0 126.13 0.0 3.2055532365631367 0.0 126.13
59.76815499999999 0.0 126.13 0.0 3.179443870947696 0.0 126.13
59.82341499999999 0.0 126.13 0.0 3.195813862716325 0.0 126.13
59.87862799999999 0.0 126.13 0.0 3.1950595161868645 0.0 126.13
59.93294799999999 0.0 126.13 0.0 3.191957594443755 0.0 126.13
59.98753699999999 0.0 156.29 0.0 3.205223097485475 0.0 156.29
60.04129599999999 0.0 156.29 0.0 3.4590209480188236 0.0 156.29
60.09701899999999 0.0 156.29 0.0 3.775223869389066 0.0 156.29
60.157079999999986 0.0 156.29 0.0 3.560049839839242 0.0 156.29
60.21113899999999 0.0 156.29 0.0 4.498301122141288 0.0 156.29
60.26522699999999 0.0 156.29 0.0 4.131429633211483 0.0 156.29
60.31939599999999 0.0 156.29 0.0 4.1774926166572115 0.0 156.29
60.37343099999999 0.0 156.29 0.0 4.1985038680696 0.0 156.29
60.42718199999999 0.0 156.29 0.0 4.1778556803295865 0.0 156.29
60.481242999999985 0.0 156.29 0.0 4.193823029009484 0.0 156.29
60.53559999999999 0.0 156.29 0.0 4.204515888346119 0.0 156.29
60.58983699999999 0.0 156.29 0.0 4.212049775053757 0.0 156.29
60.64502899999999 0.0 156.29 0.0 4.183487991505923 0.0 156.29
60.69924599999999 0.0 156.29 0.0 4.309146103335066 0.0 156.29
60.75391699999999 0.0 156.29 0.0 4.267220858557178 0.0 156.29
60.80815899999999 0.0 156.29 0.0 4.258526524103726 0.0 156.29
60.86686899999999 0.0 156.29 0.0 4.240797363359199 0.0 156.29
60.92114299999999 0.0 156.29 0.0 4.27015527999317 0.0 156.29
60.975568999999986 0.0 156.29 0.0 4.241485796872363 0.0 156.29
61.03188199999999 0.0 156.29 0.0 4.269702471978291 0.0 156.29
61.08581199999999 0.0 156.29 0.0 4.261818613045831 0.0 156.29
61.13970899999999 0.0 156.29 0.0 4.240400581531996 0.0 156.29
61.19563299999999 0.0 156.29 0.0 4.2333628730920045 0.0 156.29
61.250030999999986 0.0 156.29 0.0 4.238378736366355 0.0 156.29
61.30455399999999 0.0 156.29 0.0 4.217225836707464 0.0 156.29
61.35964199999999 0.0 156.29 0.0 4.248849903864627 0.0 156.29
61.413617999999985 0.0 156.29 0.0 4.2297512581467975 0.0 156.29
61.46767899999998 0.0 156.29 0.0 4.233747301551356 0.0 156.29
61.522277999999986 0.0 156.29 0.0 4.222775627774447 0.0 156.29
61.584319999999984 0.0 156.29 0.0 4.240327644321716 0.0 156.29
61.63944699999998 0.0 156.29 0.0 4.251934373908109 0.0 156.29
61.69397799999998 0.0 186.45 0.0 4.247391720791664 0.0 186.45
61.74851399999998 0.0 186.45 0.0 4.452800308704306 0.0 186.45
61.80314299999998 0.0 186.45 0.0 4.737587705428533 0.0 186.45
61.85722699999998 0.0 186.45 0.0 4.832329909598014 0.0 186.45
61.91154799999998 0.0 186.45 0.0 4.90307447357646 0.0 186.45
61.965989999999984 0.0 186.45 0.0 4.958251937394361 0.0 186.45
62.020099999999985 0.0 186.45 0.0 4.9939924497383466 0.0 186.45
62.074511999999984 0.0 186.45 0.0 5.034148743752447 0.0 186.45
62.128892999999984 0.0 186.45 0.0 5.05730413411506 0.0 186.45
62.18316499999998 0.0 186.45 0.0 5.099276477661039 0.0 186.45
62.23726899999998 0.0 186.45 0.0 5.096493878763242 0.0 186.45
62.29165699999999 0.0 186.45 0.0 5.071645056075712 0.0 186.45
62.34687599999999 0.0 186.45 0.0 5.117793677596884 0.0 186.45
62.40094399999999 0.0 186.45 0.0 5.115854909664883 0.0 186.45
62.455128999999985 0.0 186.45 0.0 5.1074639290508435 0.0 186.45
62.50893999999999 0.0 186.45 0.0 5.092156398102573 0.0 186.45
62.56552699999999 0.0 186.45 0.0 5.098325205744153 0.0 186.45
62.61974399999999 0.0 186.45 0.0 5.098256824783409 0.0 186.45
62.67344699999999 0.0 186.45 0.0 5.093465830067233 0.0 186.45
62.72821699999999 0.0 186.45 0.0 5.112459992071553 0.0 186.45
62.78209599999999 0.0 186.45 0.0 5.09819249412523 0.0 186.45
62.83629399999999 0.0 186.45 0.0 5.115088480420253 0.0 186.45
62.890540999999985 0.0 186.45 0.0 5.122846441545018 0.0 186.45
62.94547699999998 0.0 186.45 0.0 5.050738708586634 0.0 186.45
62.99995899999998 0.0 186.45 0.0 5.214314998135764 0.0 186.45
63.064703999999985 0.0 186.45 0.0 5.141908947212584 0.0 186.45
63.11886399999999 0.0 186.45 0.0 5.118677353430888 0.0 186.45
63.17290299999999 0.0 186.45 0.0 5.109724657924166 0.0 186.45
63.227383999999994 0.0 186.45 0.0 5.082355733842606 0.0 186.45
63.28116099999999 0.0 186.45 0.0 5.123024500874128 0.0 186.45
63.33554699999999 0.0 186.45 0.0 5.095642977394505 0.0 186.45
63.38946899999999 0.0 186.45 0.0 5.1492755217053165 0.0 186.45
63.44353099999999 0.0 186.45 0.0 5.124407392906997 0.0 186.45
63.497682999999995 0.0 222.1 0.0 5.112347826282674 0.0 222.1
63.552232999999994 0.0 222.1 0.0 5.639528209325413 0.0 222.1
63.60694399999999 0.0 222.1 0.0 6.244488414981677 0.0 222.1
63.66362399999999 0.0 222.1 0.0 6.294118354927053 0.0 222.1
63.72771199999999 0.0 222.1 0.0 6.305990450903766 0.0 222.1
63.78182999999999 0.0 222.1 0.0 6.3155714441021775 0.0 222.1
63.836217999999995 0.0 222.1 0.0 6.312438760457303 0.0 222.1
63.890874999999994 0.0 222.1 0.0 6.308574929999126 0.0 222.1
63.945001999999995 0.0 222.1 0.0 6.3313576791193995 0.0 222.1
63.999281999999994 0.0 222.1 0.0 6.311744115778489 0.0 222.1
64.053637 0.0 222.1 0.0 6.318035981915025 0.0 222.1
64.10783099999999 0.0 222.1 0.0 6.365126576536541 0.0 222.1
64.16198599999998 0.0 222.1 0.0 6.334283811726222 0.0 222.1
64.21631099999999 0.0 222.1 0.0 6.313578952184334 0.0 222.1
64.27058699999999 0.0 222.1 0.0 6.313976658149012 0.0 222.1
64.326916 0.0 222.1 0.0 6.1392002011037965 0.0 222.1
64.381103 0.0 222.1 0.0 6.562450595869725 0.0 222.1
64.440489 0.0 249.52 0.0 6.336840888056099 0.0 249.52
64.494698 0.0 249.52 0.0 7.195062102442976 0.0 249.52
64.548995 0.0 249.52 0.0 7.829129690228296 0.0 249.52
64.60431600000001 0.0 249.52 0.0 7.862813101606664 0.0 249.52
64.65843500000001 0.0 249.52 0.0 7.878808966334512 0.0 249.52
64.71243900000002 0.0 249.52 0.0 7.845850689548083 0.0 249.52
64.76702300000002 0.0 249.52 0.0 7.826627539967612 0.0 249.52
64.82150800000002 0.0 249.52 0.0 7.905990967999438 0.0 249.52
64.87663800000003 0.0 249.52 0.0 7.865694044778358 0.0 249.52
64.93110700000003 0.0 249.52 0.0 7.83522679729782 0.0 249.52
64.98541400000002 0.0 249.52 0.0 7.918656327769053 0.0 249.52
65.03972300000002 0.0 249.52 0.0 7.86890805173086 0.0 249.52
65.09392300000002 0.0 249.52 0.0 7.869689154777058 0.0 249.52
65.15239100000002 0.0 249.52 0.0 7.861253888563037 0.0 249.52
65.20659600000002 0.0 249.52 0.0 7.8733874812658415 0.0 249.52
65.26281500000002 0.0 249.52 0.0 7.591329771465429 0.0 249.52
65.31957200000002 0.0 249.52 0.0 8.128662001776213 0.0 249.52
65.37484500000002 0.0 249.52 0.0 7.850550760196642 0.0 249.52
65.42901800000003 0.0 249.52 0.0 7.901943331193522 0.0 249.52
65.48326500000003 0.0 249.52 0.0 7.84607168144123 0.0 249.52
65.53801600000003 0.0 249.52 0.0 7.892109528534652 0.0 249.52
65.59351400000003 0.0 249.52 0.0 7.861070511598866 0.0 249.52
65.64774700000002 0.0 249.52 0.0 7.862247385338399 0.0 249.52
65.70195800000002 0.0 249.52 0.0 7.858360046413087 0.0 249.52
65.75631700000002 0.0 249.52 0.0 7.8722582523756435 0.0 249.52
65.82093500000002 0.0 249.52 0.0 7.859773104334912 0.0 249.52
65.87521200000002 0.0 249.52 0.0 7.841734998307615 0.0 249.52
65.92977800000001 0.0 249.52 0.0 7.864369158567237 0.0 249.52
65.984057 0.0 249.52 0.0 7.879442696213804 0.0 249.52
66.03788 0.0 249.52 0.0 7.85263045933377 0.0 249.52
66.092207 0.0 249.52 0.0 7.871598042615448 0.0 249.52
66.146659 0.0 249.52 0.0 7.857932180530887 0.0 249.52
66.200744 0.0 249.52 0.0 7.877554215082178 0.0 249.52
66.255138 0.0 249.52 0.0 7.8663110470689395 0.0 249.52
66.30948500000001 0.0 255.0 0.0 7.848402896000083 0.0 255.0
66.36348600000001 0.0 255.0 0.0 7.939546703457756 0.0 255.0
66.41778900000001 0.0 255.0 0.0 7.98460028805059 0.0 255.0
66.48051300000002 0.0 255.0 0.0 7.968640281611585 0.0 255.0
66.53472100000002 0.0 255.0 0.0 7.965855765146889 0.0 255.0
66.58924900000002 0.0 255.0 0.0 7.9235058236168765 0.0 255.0
66.64396100000002 0.0 255.0 0.0 8.028355983022642 0.0 255.0
66.69813000000002 0.0 255.0 0.0 7.974247245785259 0.0 255.0
66.75255600000003 0.0 255.0 0.0 7.958624191056369 0.0 255.0
66.80721500000003 0.0 255.0 0.0 7.96067570452883 0.0 255.0
66.86140900000002 0.0 255.0 0.0 7.982959082363681 0.0 255.0
66.91548200000003 0.0 255.0 0.0 7.989291555925532 0.0 255.0
66.96987500000003 0.0 255.0 0.0 7.97315235297282 0.0 255.0
67.02416300000003 0.0 255.0 0.0 7.9435151480556705 0.0 255.0
67.07996100000003 0.0 255.0 0.0 7.992441791280898 0.0 255.0
67.14491100000002 0.0 255.0 0.0 7.953258908299886 0.0 255.0
67.19915600000002 0.0 255.0 0.0 7.971916886775529 0.0 255.0
67.25421700000001 0.0 255.0 0.0 7.928687650649862 0.0 255.0
67.308833 0.0 255.0 0.0 7.966943264498339 0.0 255.0
67.363234 0.0 255.0 0.0 7.991376396773658 0.0 255.0
67.417512 0.0 255.0 0.0 7.942327657942209 0.0 255.0
67.471962 0.0 255.0 0.0 7.9850657595501096 0.0 255.0
67.52606200000001 0.0 255.0 0.0 7.961366998980216 0.0 255.0
67.58085700000001 0.0 255.0 0.0 7.982932916718432 0.0 255.0
67.636677 0.0 255.0 0.0 7.756435457469638 0.0 255.0
67.69126200000001 0.0 255.0 0.0 8.208713930954621 0.0 255.0
67.756477 0.0 255.0 0.0 7.980513517906502 0.0 255.0
67.81074100000001 0.0 255.0 0.0 7.969125599350187 0.0 255.0
67.864947 0.0 255.0 0.0 7.986500829969662 0.0 255.0
67.91949 0.0 255.0 0.0 7.987279193419098 0.0 255.0
67.973187 0.0 255.0 0.0 7.972883761241156 0.0 255.0
68.02757299999999 0.0 255.0 0.0 7.98035190419572 0.0 255.0
68.08166099999998 0.0 255.0 0.0 7.991509734814744 0.0 255.0
68.13668099999998 0.0 255.0 0.0 7.871830552086773 0.0 255.0
68.19177499999998 0.0 255.0 0.0 8.105017352694084 0.0 255.0
68.24775799999998 0.0 255.0 0.0 7.968600411013176 0.0 255.0
68.30207999999998 0.0 255.0 0.0 7.973861054866057 0.0 255.0
68.35794699999998 0.0 255.0 0.0 7.866669568371905 0.0 255.0
68.41419999999998 0.0 255.0 0.0 8.146922323274355 0.0 255.0
68.46836799999998 0.0 255.0 0.0 7.979707180192361 0.0 255.0
68.52256799999998 0.0 255.0 0.0 7.973226052461631 0.0 255.0
68.57860599999998 0.0 255.0 0.0 7.983032963736441 0.0 255.0
68.63321799999999 0.0 255.0 0.0 7.956109483772528 0.0 255.0
68.68742699999999 0.0 255.0 0.0 8.004639306542254 0.0 255.0
68.74164599999999 0.0 255.0 0.0 7.973085851514773 0.0 255.0
68.79588499999998 0.0 255.0 0.0 7.986947463431361 0.0 255.0
68.85022299999999 0.0 255.0 0.0 7.973278492319801 0.0 255.0
68.90515099999999 0.0 255.0 0.0 7.981940674166181 0.0 255.0
68.959448 0.0 255.0 0.0 7.989016012459067 0.0 255.0
69.01352299999999 0.0 255.0 0.0 7.989883042999187 0.0 255.0
69.06867299999999 0.0 255.0 0.0 7.963725281895106 0.0 255.0
69.13163699999998 0.0 255.0 0.0 7.996159706608564 0.0 255.0
69.18592699999998 0.0 255.0 0.0 7.97767760132279 0.0 255.0
69.24017899999998 0.0 255.0 0.0 7.994758519167409 0.0 255.0
69.29513699999998 0.0 216.61 0.0 7.954892698760654 0.0 216.61
69.34970599999998 0.0 216.61 0.0 7.741763203031808 0.0 216.61
69.40383099999998 0.0 216.61 0.0 7.167237665774871 0.0 216.61
69.46029299999998 0.0 216.61 0.0 6.482369291822214 0.0 216.61
69.51470199999999 0.0 216.61 0.0 6.7604649658404705 0.0 216.61
69.56899399999999 0.0 216.61 0.0 6.305931893674169 0.0 216.61
69.62343999999999 0.0 216.61 0.0 6.187669328448611 0.0 216.61
69.67788399999999 0.0 216.61 0.0 6.108609802015665 0.0 216.61
69.732024 0.0 216.61 0.0 6.086211752443306 0.0 216.61
69.786211 0.0 216.61 0.0 6.051723054216525 0.0 216.61
69.847606 0.0 216.61 0.0 6.049798547485805 0.0 216.61
69.901727 0.0 216.61 0.0 6.019223056501999 0.0 216.61
69.95621 0.0 216.61 0.0 5.970426345369157 0.0 216.61
70.010668 0.0 216.61 0.0 6.048910679496883 0.0 216.61
70.06469299999999 0.0 216.61 0.0 6.007724014353584 0.0 216.61
70.12122699999999 0.0 216.61 0.0 6.006647080825978 0.0 216.61
70.176537 0.0 216.61 0.0 6.037246844445711 0.0 216.61
70.231027 0.0 216.61 0.0 5.997826435429949 0.0 216.61
70.28671299999999 0.0 216.61 0.0 6.030935115308694 0.0 216.61
70.342407 0.0 178.23 0.0 5.986148009722333 0.0 178.23
70.396514 0.0 178.23 0.0 5.808918533624825 0.0 178.23
70.45137799999999 0.0 178.23 0.0 5.448143644902257 0.0 178.23
70.50574699999999 0.0 178.23 0.0 5.2419138004047685 0.0 178.23
70.56327299999998 0.0 178.23 0.0 5.169351754721123 0.0 178.23
70.61739399999998 0.0 178.23 0.0 5.086917011825895 0.0 178.23
70.67158999999998 0.0 178.23 0.0 5.032087613099968 0.0 178.23
70.72619199999998 0.0 178.23 0.0 5.012239207574076 0.0 178.23
70.78000099999998 0.0 178.23 0.0 5.005883644300906 0.0 178.23
70.83371399999999 0.0 178.23 0.0 4.97554056122207 0.0 178.23
70.88794999999999 0.0 178.23 0.0 4.9903495957467205 0.0 178.23
70.94240299999998 0.0 178.23 0.0 4.987198177523613 0.0 178.23
70.99679299999998 0.0 178.23 0.0 4.975338066341228 0.0 178.23
71.05104899999998 0.0 178.23 0.0 4.969061656762126 0.0 178.23
71.10514199999997 0.0 178.23 0.0 4.9255141140699585 0.0 178.23
71.16088799999997 0.0 178.23 0.0 4.939493395824793 0.0 178.23
71.21505899999997 0.0 178.23 0.0 4.9228489635687875 0.0 178.23
71.27651299999997 0.0 178.23 0.0 4.93337588900755 0.0 178.23
71.33076999999997 0.0 178.23 0.0 4.928306023274049 0.0 178.23
71.38494099999997 0.0 178.23 0.0 4.929046794997741 0.0 178.23
71.43955199999996 0.0 109.68 0.0 4.914803392792545 0.0 109.68
71.49436199999997 0.0 109.68 0.0 4.5539269368523 0.0 109.68
71.54876299999997 0.0 109.68 0.0 3.55221265474416 0.0 109.68
71.60295099999996 0.0 109.68 0.0 3.1838008062860843 0.0 109.68
71.65943999999996 0.0 109.68 0.0 2.9776966470508963 0.0 109.68
71.71372299999996 0.0 109.68 0.0 2.8415857842957806 0.0 109.68
71.76794499999995 0.0 109.68 0.0 2.749248837999358 0.0 109.68
71.82230799999995 0.0 109.68 0.0 2.6812410366838195 0.0 109.68
71.88661999999995 0.0 109.68 0.0 2.25079422655537 0.0 109.68
71.94081799999995 0.0 109.68 0.0 3.0787876857062386 0.0 109.68
71.99505499999995 0.0 109.68 0.0 2.594615586816654 0.0 109.68
72.05116099999995 0.0 109.68 0.0 2.5791379719033483 0.0 109.68
72.10561299999995 0.0 109.68 0.0 2.579966747760898 0.0 109.68
72.15952199999995 0.0 109.68 0.0 2.566806405197833 0.0 109.68
72.21359499999996 0.0 109.68 0.0 2.5670045256854106 0.0 109.68
72.26748699999996 0.0 109.68 0.0 2.5649461285153805 0.0 109.68
72.32154999999996 0.0 109.68 0.0 2.560381957058056 0.0 109.68
72.37619199999996 0.0 109.68 0.0 2.5639735620240636 0.0 109.68
72.43037899999996 0.0 109.68 0.0 2.55452285131913 0.0 109.68
72.48550299999997 0.0 109.68 0.0 2.5432945698671765 0.0 109.68
72.53969199999996 0.0 109.68 0.0 2.5907180951085462 0.0 109.68
72.59390299999995 0.0 109.68 0.0 2.5817039648089835 0.0 109.68
72.64860899999995 0.0 109.68 0.0 2.580262399037621 0.0 109.68
72.70321799999995 0.0 109.68 0.0 2.60065507958224 0.0 109.68
72.75756399999995 0.0 109.68 0.0 2.598237184859452 0.0 109.68
72.81177299999995 0.0 109.68 0.0 2.614536216517338 0.0 109.68
72.86781199999994 0.0 109.68 0.0 2.5984834978743985 0.0 109.68
72.92222599999994 0.0 109.68 0.0 2.574716862868359 0.0 109.68
72.97627699999994 0.0 109.68 0.0 2.569824095958013 0.0 109.68
73.03064899999994 0.0 109.68 0.0 2.5431847275172994 0.0 109.68
73.08819999999994 0.0 109.68 0.0 2.52938182639335 0.0 109.68
73.14407899999995 0.0 109.68 0.0 2.514081306914519 0.0 109.68
73.19816699999994 0.0 109.68 0.0 2.5095397857884736 0.0 109.68
73.25223499999994 0.0 109.68 0.0 2.515790623167957 0.0 109.68
73.30625699999995 0.0 109.68 0.0 2.5303626830943093 0.0 109.68
73.36115599999995 0.0 109.68 0.0 2.5301291865175424 0.0 109.68
73.41966799999994 0.0 109.68 0.0 2.544399738643738 0.0 109.68
73.47405499999995 0.0 109.68 0.0 2.538073873746891 0.0 109.68
73.52816499999994 0.0 109.68 0.0 2.551066785649088 0.0 109.68
73.58284399999994 0.0 109.68 0.0 2.5411862956024485 0.0 109.68
73.63765499999994 0.0 21.94 0.0 2.5525677398631683 0.0 21.94
73.69197299999993 0.0 21.94 0.0 1.9894177737428653 0.0 21.94
73.74627399999993 0.0 21.94 0.0 0.5918007998967478 0.0 21.94
73.80050299999994 0.0 21.94 0.0 0.10171261430718845 0.0 21.94
73.85460399999994 0.0 21.94 0.0 -8.865500937079074E-4 0.0 21.94
73.91062999999994 0.0 21.94 0.0 0.0 0.0 21.94
73.96453999999994 0.0 21.94 0.0 0.0 0.0 21.94
74.03151199999995 0.0 21.94 0.0 0.0 0.0 21.94
74.08542399999995 0.0 21.94 0.0 0.0 0.0 21.94
74.13958199999995 0.0 21.94 0.0 0.0 0.0 21.94
74.19409499999995 0.0 21.94 0.0 0.0 0.0 21.94
74.24763799999995 0.0 21.94 0.0 0.0 0.0 21.94
74.30136199999995 0.0 21.94 0.0 0.0 0.0 21.94
74.35521799999995 0.0 21.94 0.0 0.0 0.0 21.94
74.41039699999995 0.0 21.94 0.0 0.0 0.0 21.94
74.46433899999995 0.0 21.94 0.0 0.0 0.0 21.94
74.51825299999996 0.0 21.94 0.0 0.0 0.0 21.94
74.57195699999995 0.0 21.94 0.0 0.0 0.0 21.94
74.62581299999995 0.0 21.94 0.0 0.0 0.0 21.94
74.67977399999995 0.0 21.94 0.0 0.0 0.0 21.94
74.74393599999995 0.0 21.94 0.0 0.0 0.0 21.94
74.79793899999994 0.0 21.94 0.0 0.0 0.0 21.94
74.85215599999994 0.0 21.94 0.0 0.0 0.0 21.94
74.90671899999994 0.0 21.94 0.0 0.0 0.0 21.94
74.96042399999993 0.0 21.94 0.0 0.0 0.0 21.94
75.01431199999993 0.0 21.94 0.0 0.0 0.0 21.94
75.06815799999993 0.0 21.94 0.0 0.0 0.0 21.94
75.12219699999993 0.0 21.94 0.0 0.0 0.0 21.94
75.17655499999992 0.0 21.94 0.0 0.0 0.0 21.94
75.23052599999993 0.0 21.94 0.0 0.0 0.0 21.94
75.28453299999993 0.0 21.94 0.0 0.0 0.0 21.94
75.33880899999993 0.0 21.94 0.0 0.0 0.0 21.94
75.39281499999993 0.0 21.94 0.0 0.0 0.0 21.94
75.45584699999993 0.0 21.94 0.0 0.0 0.0 21.94
75.51009499999994 0.0 21.94 0.0 0.0 0.0 21.94
75.56405199999993 0.0 21.94 0.0 0.0 0.0 21.94
75.61841099999994 0.0 21.94 0.0 0.0 0.0 21.94
75.67218299999993 0.0 21.94 0.0 0.0 0.0 21.94
75.72600999999993 0.0 21.94 0.0 0.0 0.0 21.94
75.78000599999993 0.0 -71.29 0.0 0.0 0.0 -71.29
75.83433499999992 0.0 -71.29 0.0 -0.22423870568944101 0.0 -71.29
75.89154099999992 0.0 -71.29 0.0 -0.8417840717087415 0.0 -71.29
75.94600699999992 0.0 -71.29 0.0 -0.9915656683760994 0.0 -71.29
76.00184599999993 0.0 -71.29 0.0 -0.9371210455431406 0.0 -71.29
76.05644799999993 0.0 -71.29 0.0 -0.9390262378017328 0.0 -71.29
76.11080899999993 0.0 -71.29 0.0 -0.9449538663690806 0.0 -71.29
76.16696399999994 0.0 -71.29 0.0 -0.9446594383648617 0.0 -71.29
76.22152399999993 0.0 -71.29 0.0 -0.9441445540606429 0.0 -71.29
76.27586499999992 0.0 -71.29 0.0 -0.9400058454936686 0.0 -71.29
76.33026899999993 0.0 -71.29 0.0 -0.9433253783374367 0.0 -71.29
76.38429499999992 0.0 -71.29 0.0 -0.9392721083114354 0.0 -71.29
76.43818399999992 0.0 -71.29 0.0 -0.9434400604366938 0.0 -71.29
76.49302599999992 0.0 -71.29 0.0 -0.9235474350022651 0.0 -71.29
76.54723699999991 0.0 -71.29 0.0 -0.9502227752586868 0.0 -71.29
76.6016849999999 0.0 -71.29 0.0 -0.9337540665749521 0.0 -71.29
76.6559669999999 0.0 -71.29 0.0 -0.9357259896513264 0.0 -71.29
76.7101439999999 0.0 -71.29 0.0 -0.9313423674975627 0.0 -71.29
76.7647129999999 0.0 -71.29 0.0 -0.9325625293388679 0.0 -71.29
76.8188989999999 0.0 -71.29 0.0 -0.9267618796518843 0.0 -71.29
76.8728059999999 0.0 -71.29 0.0 -0.9262199664440398 0.0 -71.29
76.92724299999989 0.0 -71.29 0.0 -0.9242508900941709 0.0 -71.29
76.9815449999999 0.0 -71.29 0.0 -0.9256653982806654 0.0 -71.29
77.0429659999999 0.0 -71.29 0.0 -0.9300439055706122 0.0 -71.29
77.0971289999999 0.0 -71.29 0.0 -0.9298120294421667 0.0 -71.29
77.1513369999999 0.0 -71.29 0.0 -0.9281553590624333 0.0 -71.29
77.2058139999999 0.0 -71.29 0.0 -0.92709397893671 0.0 -71.29
77.25952499999991 0.0 -71.29 0.0 -0.9269209285107292 0.0 -71.29
77.31444199999991 0.0 -71.29 0.0 -0.9205393946711372 0.0 -71.29
77.36902699999992 0.0 -71.29 0.0 -0.9358039323984876 0.0 -71.29
77.42341799999991 0.0 -71.29 0.0 -0.930323494397502 0.0 -71.29
77.47823699999991 0.0 -71.29 0.0 -0.9186852906962198 0.0 -71.29
77.5323689999999 0.0 -71.29 0.0 -0.9321165935844872 0.0 -71.29
77.58671099999991 0.0 -71.29 0.0 -0.9249840355054413 0.0 -71.29
77.64913699999991 0.0 -71.29 0.0 -0.9189126799274506 0.0 -71.29
77.70437599999991 0.0 -71.29 0.0 -0.919514802408684 0.0 -71.29
77.7584639999999 0.0 -71.29 0.0 -0.9266675180738355 0.0 -71.29
77.8127919999999 0.0 -71.29 0.0 -0.9252223983477524 0.0 -71.29
77.8675849999999 0.0 -71.29 0.0 -0.9226226331311452 0.0 -71.29
77.9224379999999 0.0 -71.29 0.0 -0.9181158542044388 0.0 -71.29
77.9766259999999 0.0 -71.29 0.0 -0.9143359001650054 0.0 -71.29
78.03329099999989 0.0 -71.29 0.0 -0.9022998481706722 0.0 -71.29
78.08767499999989 0.0 -71.29 0.0 -0.9154503161084101 0.0 -71.29
78.14268599999988 0.0 -120.65 0.0 -0.9032725000090963 0.0 -120.65
78.19730999999989 0.0 -120.65 0.0 -1.7183669016318153 0.0 -120.65
78.25212899999988 0.0 -120.65 0.0 -2.503198682554176 0.0 -120.65
78.30645399999989 0.0 -120.65 0.0 -2.6451520823303403 0.0 -120.65
78.36133399999989 0.0 -120.65 0.0 -2.753866437657579 0.0 -120.65
78.41568099999989 0.0 -120.65 0.0 -2.8294141104887287 0.0 -120.65
78.46978999999989 0.0 -120.65 0.0 -2.879088968947088 0.0 -120.65
78.52378699999988 0.0 -120.65 0.0 -2.927697110182106 0.0 -120.65
78.57811699999988 0.0 -120.65 0.0 -2.9194635849681534 0.0 -120.65
78.63275899999988 0.0 -120.65 0.0 -2.9422935227335363 0.0 -120.65
78.68684899999988 0.0 -120.65 0.0 -2.955472379061412 0.0 -120.65
78.74337999999989 0.0 -120.65 0.0 -2.932213835199339 0.0 -120.65
78.79789299999989 0.0 -120.65 0.0 -2.952775588496041 0.0 -120.65
78.85218099999989 0.0 -120.65 0.0 -2.9252562179081667 0.0 -120.65
78.90641799999989 0.0 -120.65 0.0 -2.9067830381275876 0.0 -120.65
78.96068899999989 0.0 -120.65 0.0 -2.88463520050622 0.0 -120.65
79.01546799999988 0.0 -120.65 0.0 -2.8850270653331296 0.0 -120.65
79.08030699999989 0.0 -120.65 0.0 -2.8708857343731817 0.0 -120.65
79.13539499999989 0.0 -120.65 0.0 -2.858396359505649 0.0 -120.65
79.18986899999989 0.0 -120.65 0.0 -2.860678273440131 0.0 -120.65
79.24415399999988 0.0 -120.65 0.0 -2.8715216268582 0.0 -120.65
79.29793899999989 0.0 -120.65 0.0 -2.857195169089738 0.0 -120.65
79.35233499999988 0.0 -120.65 0.0 -2.8515541504537523 0.0 -120.65
79.40730399999988 0.0 -120.65 0.0 -2.900358961666659 0.0 -120.65
79.46126799999988 0.0 -120.65 0.0 -2.8823810093332507 0.0 -120.65
79.51569899999987 0.0 -120.65 0.0 -2.9034722421392862 0.0 -120.65
79.57225699999987 0.0 -120.65 0.0 -2.903676870218602 0.0 -120.65
79.62705199999986 0.0 -120.65 0.0 -2.9349532971224677 0.0 -120.65
79.68128299999987 0.0 -120.65 0.0 -2.937175084803811 0.0 -120.65
79.74340199999986 0.0 -120.65 0.0 -2.942544678240865 0.0 -120.65
79.79771499999985 0.0 -120.65 0.0 -2.943337708899007 0.0 -120.65
79.85177599999986 0.0 -120.65 0.0 -2.9464113135901204 0.0 -120.65
79.90599399999986 0.0 -120.65 0.0 -2.935225428531786 0.0 -120.65
79.96056699999987 0.0 -120.65 0.0 -2.937224821853462 0.0 -120.65
80.01416399999987 0.0 -120.65 0.0 -2.920015555349243 0.0 -120.65
80.06820299999987 0.0 -120.65 0.0 -2.905007609064755 0.0 -120.65
80.12446999999987 0.0 -120.65 0.0 -2.8999407290275028 0.0 -120.65
80.17864199999987 0.0 -120.65 0.0 -2.9076146699229657 0.0 -120.65
80.23285299999986 0.0 -120.65 0.0 -2.9117161577060875 0.0 -120.65
80.28737699999986 0.0 -120.65 0.0 -2.9125946291137583 0.0 -120.65
80.34183199999987 0.0 -120.65 0.0 -2.925093049747415 0.0 -120.65
80.39594099999987 0.0 -120.65 0.0 -2.943797557226995 0.0 -120.65
80.45106499999987 0.0 -120.65 0.0 -2.9270075036035523 0.0 -120.65
80.50818199999988 0.0 -120.65 0.0 -2.9768669444614804 0.0 -120.65
80.56247199999987 0.0 -120.65 0.0 -2.960487003547361 0.0 -120.65
80.61679299999987 0.0 -175.48 0.0 -2.9640952652253154 0.0 -175.48
80.67126999999988 0.0 -175.48 0.0 -3.549017881380701 0.0 -175.48
80.72542199999988 0.0 -175.48 0.0 -4.2514327037693755 0.0 -175.48
80.77961199999989 0.0 -175.48 0.0 -4.4591038285662625 0.0 -175.48
80.83336699999988 0.0 -175.48 0.0 -4.568353133528426 0.0 -175.48
80.88788099999988 0.0 -175.48 0.0 -4.632323686625009 0.0 -175.48
80.94336999999987 0.0 -175.48 0.0 -4.720346190959205 0.0 -175.48
80.99913899999987 0.0 -175.48 0.0 -4.724167793612319 0.0 -175.48
81.05377299999986 0.0 -175.48 0.0 -4.732764625082492 0.0 -175.48
81.10781399999986 0.0 -175.48 0.0 -4.742983844407605 0.0 -175.48
81.16188499999986 0.0 -175.48 0.0 -4.757206110880241 0.0 -175.48
81.21682199999985 0.0 -175.48 0.0 -4.7651564528510155 0.0 -175.48
81.27136199999985 0.0 -175.48 0.0 -4.773459894603694 0.0 -175.48
81.33118699999986 0.0 -175.48 0.0 -4.807949686222982 0.0 -175.48
81.38610799999985 0.0 -175.48 0.0 -4.795364017201544 0.0 -175.48
81.44042599999985 0.0 -175.48 0.0 -4.850364771935002 0.0 -175.48
81.49467099999984 0.0 -175.48 0.0 -4.81179810313137 0.0 -175.48
81.54893199999984 0.0 -175.48 0.0 -4.833361576758135 0.0 -175.48
81.60342699999984 0.0 -175.48 0.0 -4.804685994988455 0.0 -175.48
81.65789699999983 0.0 -175.48 0.0 -4.791041396323508 0.0 -175.48
81.71363599999984 0.0 -175.48 0.0 -4.8007131970659485 0.0 -175.48
81.76763699999984 0.0 -175.48 0.0 -4.802453185546045 0.0 -175.48
81.82211799999983 0.0 -175.48 0.0 -4.7786292955651595 0.0 -175.48
81.88616399999984 0.0 -175.48 0.0 -4.084432237201346 0.0 -175.48
81.94163899999984 0.0 -175.48 0.0 -5.612067306145427 0.0 -175.48
81.99638599999984 0.0 -175.48 0.0 -4.868426789881194 0.0 -175.48
82.05079099999985 0.0 -175.48 0.0 -4.857595604714643 0.0 -175.48
82.10480699999985 0.0 -175.48 0.0 -4.857060111998528 0.0 -175.48
82.15871899999985 0.0 -175.48 0.0 -4.832622711792629 0.0 -175.48
82.21309399999984 0.0 -175.48 0.0 -4.837341507354266 0.0 -175.48
82.26740799999985 0.0 -175.48 0.0 -4.824229780229309 0.0 -175.48
82.32180599999985 0.0 -175.48 0.0 -4.802672972121394 0.0 -175.48
82.37597099999985 0.0 -175.48 0.0 -4.811820956916895 0.0 -175.48
82.43014699999985 0.0 -175.48 0.0 -4.782513626690296 0.0 -175.48
82.48467099999985 0.0 -175.48 0.0 -4.749350166893742 0.0 -175.48
82.53973199999984 0.0 -175.48 0.0 -4.772718044156295 0.0 -175.48
82.59845899999985 0.0 -175.48 0.0 -4.756550620891298 0.0 -175.48
82.65256299999984 0.0 -175.48 0.0 -4.75253151575052 0.0 -175.48
82.70674199999985 0.0 -175.48 0.0 -4.75303477548725 0.0 -175.48
82.76305899999986 0.0 -175.48 0.0 -4.762513541156576 0.0 -175.48
82.81729499999986 0.0 -175.48 0.0 -4.758651634717899 0.0 -175.48
82.87530999999986 0.0 -175.48 0.0 -4.748787185788296 0.0 -175.48
82.93000499999985 0.0 -175.48 0.0 -4.706440161036371 0.0 -175.48
82.98428499999986 0.0 -175.48 0.0 -4.737121686222663 0.0 -175.48
83.03927299999985 0.0 -175.48 0.0 -4.731952660795562 0.0 -175.48
83.09347799999985 0.0 -175.48 0.0 -4.750754932222557 0.0 -175.48
83.14775099999984 0.0 -227.58 0.0 -4.766896104262082 0.0 -227.58
83.21043699999984 0.0 -227.58 0.0 -5.728565029538178 0.0 -227.58
83.26447199999984 0.0 -227.58 0.0 -6.731808316160643 0.0 -227.58
83.31859199999984 0.0 -227.58 0.0 -6.790362076867633 0.0 -227.58
83.37289799999984 0.0 -227.58 0.0 -6.78388570850091 0.0 -227.58
83.42847899999984 0.0 -227.58 0.0 -6.755119456989711 0.0 -227.58
83.48291199999984 0.0 -227.58 0.0 -6.804184784914624 0.0 -227.58
83.53708499999985 0.0 -227.58 0.0 -6.763355194060203 0.0 -227.58
83.59214399999985 0.0 -227.58 0.0 -6.771251130148787 0.0 -227.58
83.64648999999984 0.0 -227.58 0.0 -6.767419406760285 0.0 -227.58
83.70081899999984 0.0 -227.58 0.0 -6.769536989081235 0.0 -227.58
83.75547499999983 0.0 -227.58 0.0 -6.750096842042356 0.0 -227.58
83.80964799999984 0.0 -227.58 0.0 -6.772208912078347 0.0 -227.58
83.86408999999983 0.0 -227.58 0.0 -6.742271157938707 0.0 -227.58
83.91919499999983 0.0 -227.58 0.0 -6.717726838050612 0.0 -227.58
83.97429499999983 0.0 -227.58 0.0 -6.811477401072341 0.0 -227.58
84.02850199999983 0.0 -227.58 0.0 -6.777694192758074 0.0 -227.58
84.08260699999984 0.0 -227.58 0.0 -6.778947359777856 0.0 -227.58
84.13665199999984 0.0 -227.58 0.0 -6.770498815091617 0.0 -227.58
84.19074199999984 0.0 -227.58 0.0 -6.767526311730182 0.0 -227.58
84.24503199999984 0.0 -227.58 0.0 -6.7682157368476075 0.0 -227.58
84.29886599999983 0.0 -227.58 0.0 -6.772088968983823 0.0 -227.58
84.35306399999983 0.0 -227.58 0.0 -6.755810633136368 0.0 -227.58
84.41036199999984 0.0 -227.58 0.0 -6.711740573784188 0.0 -227.58
84.46769299999984 0.0 -227.58 0.0 -6.70202104743243 0.0 -227.58
84.52653599999984 0.0 -227.58 0.0 -6.815911293337531 0.0 -227.58
84.58069499999984 0.0 -227.58 0.0 -6.734107485295781 0.0 -227.58
84.63857299999984 0.0 -227.58 0.0 -6.744753865677272 0.0 -227.58
84.69285599999984 0.0 -227.58 0.0 -6.754951281387203 0.0 -227.58
84.74693599999983 0.0 -227.58 0.0 -6.75103981636634 0.0 -227.58
84.80326699999983 0.0 -227.58 0.0 -6.73755428630095 0.0 -227.58
84.85799599999983 0.0 -227.58 0.0 -6.721812961556648 0.0 -227.58
84.91218199999983 0.0 -227.58 0.0 -6.76704352429671 0.0 -227.58
84.96637399999983 0.0 -227.58 0.0 -6.744167759854762 0.0 -227.58
85.02277599999984 0.0 -227.58 0.0 -6.764788958895888 0.0 -227.58
85.07912099999983 0.0 -227.58 0.0 -6.759714995243059 0.0 -227.58
85.13345899999983 0.0 -227.58 0.0 -6.765767701055162 0.0 -227.58
85.18785499999983 0.0 -227.58 0.0 -6.7462092780215395 0.0 -227.58
85.25042999999982 0.0 -227.58 0.0 -6.7811560981927395 0.0 -227.58
85.30484699999982 0.0 -227.58 0.0 -6.753301277175814 0.0 -227.58
85.35906599999983 0.0 -227.58 0.0 -6.754078606048518 0.0 -227.58
85.41303599999983 0.0 -227.58 0.0 -6.751469048912291 0.0 -227.58
85.46738399999984 0.0 -227.58 0.0 -6.730104488146158 0.0 -227.58
85.52185399999983 0.0 -227.58 0.0 -6.763460570696722 0.0 -227.58
85.57590499999984 0.0 -227.58 0.0 -6.751999843281949 0.0 -227.58
85.63021199999983 0.0 -227.58 0.0 -6.754615613961379 0.0 -227.58
85.68431899999983 0.0 -227.58 0.0 -6.7609677485055 0.0 -227.58
85.73860299999983 0.0 -227.58 0.0 -6.754826844144527 0.0 -227.58
85.79358999999982 0.0 -227.58 0.0 -6.749588127069541 0.0 -227.58
85.84800899999982 0.0 -227.58 0.0 -6.771561840149392 0.0 -227.58
85.90478899999982 0.0 -227.58 0.0 -6.728201115284305 0.0 -255.0
85.95916599999983 0.0 -255.0 0.0 -6.775027995031914 0.0 -255.0
86.01360299999982 0.0 -255.0 0.0 -7.37374232526036 0.0 -255.0
86.07165599999982 0.0 -255.0 0.0 -7.853007753607354 0.0 -255.0
86.12599899999982 0.0 -255.0 0.0 -7.881636867928622 0.0 -255.0
86.18213899999982 0.0 -255.0 0.0 -7.86600661965621 0.0 -255.0
86.23836899999982 0.0 -255.0 0.0 -7.844033717138236 0.0 -255.0
86.29290199999983 0.0 -255.0 0.0 -7.840983324125754 0.0 -255.0
86.34849499999983 0.0 -255.0 0.0 -7.876108114171995 0.0 -255.0
86.40307999999983 0.0 -255.0 0.0 -7.846694005932858 0.0 -255.0
86.45705999999983 0.0 -255.0 0.0 -7.853781713068789 0.0 -255.0
86.51112899999983 0.0 -255.0 0.0 -7.8444023351260785 0.0 -255.0
86.56527199999982 0.0 -255.0 0.0 -7.849626513068844 0.0 -255.0
86.61926799999982 0.0 -255.0 0.0 -7.844348301698193 0.0 -255.0
86.67844499999983 0.0 -255.0 0.0 -7.818940469103941 0.0 -255.0
86.73257699999982 0.0 -255.0 0.0 -7.868056417329131 0.0 -255.0
86.78691999999982 0.0 -255.0 0.0 -7.857806610881133 0.0 -255.0
86.84292899999983 0.0 -255.0 0.0 -7.859570381108903 0.0 -255.0
86.89737599999982 0.0 -255.0 0.0 -7.821655311334707 0.0 -255.0
86.95152199999983 0.0 -255.0 0.0 -7.877537623996537 0.0 -255.0
87.00544399999983 0.0 -255.0 0.0 -7.839992131337134 0.0 -255.0
87.05939899999983 0.0 -255.0 0.0 -7.84053072348585 0.0 -255.0
87.11379599999982 0.0 -255.0 0.0 -7.80768330638396 0.0 -255.0
87.16778199999982 0.0 -255.0 0.0 -7.901772967723785 0.0 -255.0
87.22202299999982 0.0 -255.0 0.0 -7.867277616109499 0.0 -255.0
87.27627799999982 0.0 -255.0 0.0 -7.87320384102797 0.0 -255.0
87.33046199999983 0.0 -255.0 0.0 -7.872898188312716 0.0 -255.0
87.38451099999983 0.0 -255.0 0.0 -7.862390886981567 0.0 -255.0
87.43942999999983 0.0 -255.0 0.0 -7.847880225869877 0.0 -255.0
87.49510899999983 0.0 -255.0 0.0 -7.843268745349075 0.0 -255.0
87.54933999999983 0.0 -255.0 0.0 -7.867843888712647 0.0 -255.0
87.60372599999982 0.0 -255.0 0.0 -7.862176729572863 0.0 -255.0
87.65796099999983 0.0 -255.0 0.0 -7.869032330082327 0.0 -255.0
87.71254399999982 0.0 -255.0 0.0 -7.838194306792374 0.0 -255.0
87.76709699999982 0.0 -255.0 0.0 -7.879431309106287 0.0 -255.0
87.82129599999982 0.0 -255.0 0.0 -7.859214989750369 0.0 -255.0
87.87526399999982 0.0 -255.0 0.0 -7.859971707392373 0.0 -255.0
87.92932599999982 0.0 -255.0 0.0 -7.853402742730738 0.0 -255.0
87.98314599999982 0.0 -255.0 0.0 -7.850394639034977 0.0 -255.0
88.03731099999982 0.0 -255.0 0.0 -7.857949792359317 0.0 -255.0
88.09159499999981 0.0 -255.0 0.0 -7.873415566798154 0.0 -255.0
88.14587599999982 0.0 -255.0 0.0 -7.850876848546617 0.0 -255.0
88.19985999999982 0.0 -255.0 0.0 -7.8567536651217385 0.0 -255.0
88.25397899999982 0.0 -255.0 0.0 -7.840699991581713 0.0 -255.0
88.31522799999982 0.0 -255.0 0.0 -7.839475940990573 0.0 -255.0
88.36933999999982 0.0 -255.0 0.0 -7.86387352176787 0.0 -255.0
88.42345199999983 0.0 -255.0 0.0 -7.874509960255383 0.0 -255.0
88.47865099999983 0.0 -255.0 0.0 -7.703801600213497 0.0 -255.0
88.53280599999982 0.0 -255.0 0.0 -8.02413469438473 0.0 -255.0
88.58647199999983 0.0 -255.0 0.0 -7.86666598491642 0.0 -255.0
88.64066199999984 0.0 -255.0 0.0 -7.861405360326626 0.0 -255.0
88.69484799999984 0.0 -255.0 0.0 -7.845167659364518 0.0 -255.0
88.74888099999984 0.0 -255.0 0.0 -7.854954737616829 0.0 -255.0
88.80378999999984 0.0 -255.0 0.0 -7.849309477946199 0.0 -255.0
88.85829599999984 0.0 -255.0 0.0 -7.8501471965337375 0.0 -255.0
88.91332699999984 0.0 -255.0 0.0 -7.834522793778178 0.0 -255.0
88.96779699999983 0.0 -255.0 0.0 -7.903765405881236 0.0 -255.0
89.03081899999984 0.0 -255.0 0.0 -7.848766500410626 0.0 -255.0
89.08511199999984 0.0 -255.0 0.0 -7.847374794590824 0.0 -255.0
89.13960999999983 0.0 -255.0 0.0 -7.844258819063276 0.0 -255.0
89.19376199999984 0.0 -255.0 0.0 -7.883750520052335 0.0 -255.0
89.24782699999983 0.0 -255.0 0.0 -7.863612652121437 0.0 -255.0
89.30219399999983 0.0 -255.0 0.0 -7.864924377187443 0.0 -255.0
89.35636699999984 0.0 -255.0 0.0 -7.856789369300987 0.0 -255.0
89.41640299999983 0.0 -255.0 0.0 -7.854864427423659 0.0 -255.0
89.47159199999983 0.0 -255.0 0.0 -7.8512016880590885 0.0 -255.0
89.52546499999983 0.0 -255.0 0.0 -7.859587198757013 0.0 -255.0
89.59041199999983 0.0 -255.0 0.0 -7.820696594184997 0.0 -255.0
89.64498599999983 0.0 -255.0 0.0 -7.882551378532141 0.0 -255.0
89.69906999999984 0.0 -255.0 0.0 -7.851095006362859 0.0 -255.0
89.75336699999984 0.0 -255.0 0.0 -7.855630185625661 0.0 -255.0
89.80699899999983 0.0 -255.0 0.0 -7.854661304086188 0.0 -255.0
89.86159899999983 0.0 -255.0 0.0 -7.80852196341461 0.0 -255.0
89.91578999999983 0.0 -255.0 0.0 -7.883387234810064 0.0 -255.0
89.97015399999984 0.0 -255.0 0.0 -7.8415373400746455 0.0 -255.0
90.02440599999984 0.0 -255.0 0.0 -7.888668612908413 0.0 -255.0
90.07881299999984 0.0 -255.0 0.0 -7.852971141364382 0.0 -255.0
90.13349199999983 0.0 -255.0 0.0 -7.785836920872397 0.0 -255.0
90.18754799999984 0.0 -255.0 0.0 -7.917271895580643 0.0 -255.0
90.24162999999983 0.0 -255.0 0.0 -7.84429045433178 0.0 -255.0
90.29615999999983 0.0 -255.0 0.0 -7.835257672624461 0.0 -255.0
90.35442299999983 0.0 -255.0 0.0 -7.866687000287867 0.0 -255.0
90.40851899999983 0.0 -255.0 0.0 -7.856446471034576 0.0 -255.0
90.46278299999983 0.0 -213.87 0.0 -7.883388555967649 0.0 -213.87
90.51693099999983 0.0 -213.87 0.0 -7.612398268627257 0.0 -213.87
90.57133799999983 0.0 -213.87 0.0 -7.045458617173792 0.0 -213.87
90.62532099999983 0.0 -213.87 0.0 -6.662771361374258 0.0 -213.87
90.68210999999982 0.0 -213.87 0.0 -6.363117857908324 0.0 -213.87
90.73600299999983 0.0 -213.87 0.0 -6.1959832068411895 0.0 -213.87
90.79012599999983 0.0 -213.87 0.0 -6.058879166691256 0.0 -213.87
90.84682599999984 0.0 -213.87 0.0 -6.005133822807584 0.0 -213.87
90.90151699999984 0.0 -213.87 0.0 -5.891592598253598 0.0 -213.87
90.95581399999985 0.0 -213.87 0.0 -5.959078065020883 0.0 -213.87
91.00988999999984 0.0 -213.87 0.0 -5.879657553109235 0.0 -213.87
91.06470799999984 0.0 -213.87 0.0 -5.8446949436232485 0.0 -213.87
91.12163499999984 0.0 -213.87 0.0 -5.844696572817818 0.0 -213.87
91.17563699999984 0.0 -213.87 0.0 -5.811331480919994 0.0 -213.87
91.23012499999984 0.0 -213.87 0.0 -5.795588308325665 0.0 -213.87
91.28459599999985 0.0 -213.87 0.0 -5.778905978686555 0.0 -213.87
91.33880499999985 0.0 -213.87 0.0 -5.808605841433613 0.0 -213.87
91.39341299999985 0.0 -213.87 0.0 -5.749476493782973 0.0 -213.87
91.44945399999985 0.0 -213.87 0.0 -5.842955776532072 0.0 -213.87
91.50406999999984 0.0 -213.87 0.0 -5.81888955804299 0.0 -213.87
91.55819699999984 0.0 -213.87 0.0 -5.837786478661806 0.0 -213.87
91.61241399999983 0.0 -213.87 0.0 -5.809518058017118 0.0 -213.87
91.66733599999984 0.0 -213.87 0.0 -5.811795023015312 0.0 -213.87
91.72195399999984 0.0 -213.87 0.0 -5.789697260310265 0.0 -213.87
91.78261199999984 0.0 -213.87 0.0 -5.3325882027630245 0.0 -213.87
91.83683999999984 0.0 -213.87 0.0 -6.270919424164874 0.0 -213.87
91.89116399999983 0.0 -213.87 0.0 -5.791011975895674 0.0 -213.87
91.94758099999983 0.0 -213.87 0.0 -5.781910421690659 0.0 -213.87
92.00145799999983 0.0 -213.87 0.0 -5.846180012835052 0.0 -213.87
92.05514099999984 0.0 -213.87 0.0 -5.817273601341419 0.0 -213.87
92.10902099999984 0.0 -213.87 0.0 -5.81024704318349 0.0 -213.87
92.16535499999985 0.0 -213.87 0.0 -5.810011625888004 0.0 -213.87
92.21963799999985 0.0 -213.87 0.0 -5.7927351995780905 0.0 -213.87
92.27399399999985 0.0 -213.87 0.0 -5.777014048478921 0.0 -213.87
92.32819799999984 0.0 -213.87 0.0 -5.7595891861776245 0.0 -213.87
92.38251399999984 0.0 -213.87 0.0 -5.78126842217984 0.0 -213.87
92.43682699999984 0.0 -213.87 0.0 -5.777172304715663 0.0 -213.87
92.49849499999983 0.0 -213.87 0.0 -5.788909070998959 0.0 -213.87
92.55267399999984 0.0 -213.87 0.0 -5.807395814340912 0.0 -213.87
92.60660099999984 0.0 -213.87 0.0 -5.830086628072724 0.0 -213.87
92.66110399999984 0.0 -213.87 0.0 -5.835353803188344 0.0 -213.87
92.71495999999983 0.0 -213.87 0.0 -5.852021938836765 0.0 -213.87
92.76990899999983 0.0 -213.87 0.0 -5.705940838830976 0.0 -213.87
92.82387199999982 0.0 -213.87 0.0 -5.916856600768792 0.0 -213.87
92.87754499999983 0.0 -213.87 0.0 -5.8103148607537145 0.0 -213.87
92.93192199999983 0.0 -213.87 0.0 -5.8153573195216 0.0 -213.87
92.98642599999982 0.0 -213.87 0.0 -5.81148687576036 0.0 -213.87
93.04028899999983 0.0 -213.87 0.0 -5.825437858753166 0.0 -213.87
93.09473199999984 0.0 -213.87 0.0 -5.836498886091071 0.0 -213.87
93.14888399999984 0.0 -213.87 0.0 -5.828005664750519 0.0 -213.87
93.20335899999984 0.0 -213.87 0.0 -5.855081964588315 0.0 -213.87
93.25772199999983 0.0 -213.87 0.0 -5.844205537016657 0.0 -213.87
93.31274299999983 0.0 -213.87 0.0 -5.831848201336511 0.0 -213.87
93.36680999999983 0.0 -213.87 0.0 -5.820312964873138 0.0 -213.87
93.42123899999983 0.0 -32.9 0.0 -5.796583370341743 0.0 -32.9
93.47517499999982 0.0 -32.9 0.0 -5.4262780123360566 0.0 -32.9
93.53156799999982 0.0 -32.9 0.0 -2.372093962412349 0.0 -32.9
93.58592399999982 0.0 -32.9 0.0 -1.0968120455566364 0.0 -32.9
93.64400399999982 0.0 -32.9 0.0 -0.37574513105991103 0.0 -32.9
93.70029299999983 0.0 -32.9 0.0 -0.007668802422804163 0.0 -32.9
93.75493099999983 0.0 -32.9 0.0 0.0 0.0 -32.9
93.80896599999983 0.0 -32.9 0.0 0.0 0.0 -32.9
93.87276299999982 0.0 -32.9 0.0 0.0 0.0 -32.9
93.92661199999982 0.0 -32.9 0.0 0.0 0.0 -32.9
93.98283499999982 0.0 -32.9 0.0 0.0 0.0 -32.9
94.03724299999982 0.0 -32.9 0.0 0.0 0.0 -32.9
94.09132599999982 0.0 -32.9 0.0 0.0 0.0 -32.9
94.14798799999983 0.0 -32.9 0.0 0.0 0.0 -32.9
94.20213699999982 0.0 -32.9 0.0 0.0 0.0 -32.9
94.25601899999982 0.0 -32.9 0.0 0.0 0.0 -32.9
94.31080599999983 0.0 -32.9 0.0 0.0 0.0 -32.9
94.36479199999982 0.0 -32.9 0.0 0.0 0.0 -32.9
94.41872399999983 0.0 -32.9 0.0 0.0 0.0 -32.9
94.47284799999983 0.0 -32.9 0.0 0.0 0.0 -32.9
94.53348299999983 0.0 -32.9 0.0 0.0 0.0 -32.9
94.58718499999983 0.0 -32.9 0.0 0.0 0.0 -32.9
94.64127699999983 0.0 -32.9 0.0 0.0 0.0 -32.9
94.69682999999984 0.0 -32.9 0.0 0.0 0.0 -32.9
94.75045099999984 0.0 -32.9 0.0 0.0 0.0 -32.9
94.80411599999984 0.0 -32.9 0.0 0.0 0.0 -32.9
94.85802499999984 0.0 -32.9 0.0 0.0 0.0 -32.9
94.91298099999985 0.0 -32.9 0.0 0.0 0.0 -32.9
94.96886599999985 0.0 -32.9 0.0 0.0 0.0 -32.9
95.02318099999985 0.0 -32.9 0.0 0.0 0.0 -32.9
95.07755099999986 0.0 -32.9 0.0 0.0 0.0 -32.9
95.13165599999986 0.0 -32.9 0.0 0.0 0.0 -32.9
95.18567099999987 0.0 -32.9 0.0 0.0 0.0 -32.9
95.24954899999987 0.0 -32.9 0.0 0.0 0.0 -32.9
95.30352799999987 0.0 -32.9 0.0 0.0 0.0 -32.9
95.35752899999987 0.0 -32.9 0.0 0.0 0.0 -32.9
95.41178899999987 0.0 -32.9 0.0 0.0 0.0 -32.9
95.46552199999986 0.0 -32.9 0.0 0.0 0.0 -32.9
95.51914999999987 0.0 -32.9 0.0 0.0 0.0 -32.9
95.57314699999986 0.0 -32.9 0.0 0.0 0.0 -32.9
95.62715899999986 0.0 -32.9 0.0 0.0 0.0 -32.9
95.68145999999986 0.0 -32.9 0.0 0.0 0.0 -32.9
95.73555699999986 0.0 -32.9 0.0 0.0 0.0 -32.9
95.78999599999986 0.0 -32.9 0.0 0.0 0.0 -32.9
95.84409599999987 0.0 -32.9 0.0 0.0 0.0 -32.9
95.89810099999987 0.0 -32.9 0.0 0.0 0.0 -32.9
95.96253599999987 0.0 -32.9 0.0 0.0 0.0 -32.9
96.01640599999988 0.0 -32.9 0.0 0.0 0.0 -32.9
96.07013899999987 0.0 -32.9 0.0 0.0 0.0 -32.9
96.12429999999986 0.0 -32.9 0.0 0.0 0.0 -32.9
96.17807299999987 0.0 -32.9 0.0 0.0 0.0 -32.9
96.23203199999988 0.0 -32.9 0.0 0.0 0.0 -32.9
96.28589299999987 0.0 -32.9 0.0 0.0 0.0 -32.9
96.34158199999987 0.0 -32.9 0.0 0.0 0.0 -32.9
96.39617399999987 0.0 8.23 0.0 0.0 0.0 8.23
96.45039899999988 0.0 8.23 0.0 0.0 0.0 8.23
96.50614299999988 0.0 8.23 0.0 0.0 0.0 8.23
96.56054999999988 0.0 8.23 0.0 0.0 0.0 8.23
96.61478299999987 0.0 8.23 0.0 0.0 0.0 8.23
96.66856699999987 0.0 8.23 0.0 0.0 0.0 8.23
96.72274599999987 0.0 8.23 0.0 0.0 0.0 8.23
96.78780799999987 0.0 8.23 0.0 0.0 0.0 8.23
96.84249199999987 0.0 8.23 0.0 0.0 0.0 8.23
96.90447199999987 0.0 8.23 0.0 0.0 0.0 8.23
96.95842099999987 0.0 8.23 0.0 0.0 0.0 8.23
97.01275899999987 0.0 8.23 0.0 0.0 0.0 8.23
97.06628699999987 0.0 8.23 0.0 0.0 0.0 8.23
97.12042199999988 0.0 8.23 0.0 0.0 0.0 8.23
97.17405999999988 0.0 8.23 0.0 0.0 0.0 8.23
97.22832599999988 0.0 8.23 0.0 0.0 0.0 8.23
97.28319399999988 0.0 8.23 0.0 0.0 0.0 8.23
97.34046499999988 0.0 8.23 0.0 0.0 0.0 8.23
97.39511199999988 0.0 8.23 0.0 0.0 0.0 8.23
97.44986099999988 0.0 8.23 0.0 0.0 0.0 8.23
97.50390299999988 0.0 8.23 0.0 0.0 0.0 8.23
97.55816499999987 0.0 8.23 0.0 0.0 0.0 8.23
97.61373799999987 0.0 8.23 0.0 0.0 0.0 8.23
97.66750299999987 0.0 8.23 0.0 0.0 0.0 8.23
97.72167199999987 0.0 8.23 0.0 0.0 0.0 8.23
