555.005764000003 3.983036273303801 -2.0755805077723637 0.0 0.0 0.0 0.0
555.060385000003 4.014612204693241 -2.1071564391618036 0.0 0.0 0.0 0.0
555.1150140000029 4.046192760814032 -2.1387369952825948 0.0 0.0 0.0 0.0
555.1700400000029 4.07800281922811 -2.170547053696672 0.0 0.0 0.0 0.0
555.2317700000029 4.11368840251421 -2.206232636982773 0.0 0.0 0.0 0.0
555.2857310000029 4.144882793567204 -2.2374270280357673 0.0 0.0 0.0 0.0
555.3399780000029 4.176242518765991 -2.2687867532345543 0.0 0.0 0.0 0.0
555.3936630000029 4.20727735658738 -2.2998215910559434 0.0 0.0 0.0 0.0
555.4476440000029 4.238483309468751 -2.3310275439373145 0.0 0.0 0.0 0.0
555.5018080000029 4.269795053079773 -2.362339287548336 0.0 0.0 0.0 0.0
555.5557600000029 4.300984241309997 -2.3935284757785604 0.0 0.0 0.0 0.0
555.610593000003 4.3326827280802345 -2.4252269625487983 0.0 0.0 0.0 0.0
555.668485000003 4.366149596500759 -2.458693830969323 0.0 0.0 0.0 0.0
555.723007000003 4.397668296839732 -2.4902125313082957 0.0 0.0 0.0 0.0
555.777764000003 4.429322848662136 -2.5218670831307004 0.0 0.0 0.0 0.0
555.831888000003 4.460611468616404 -2.5531557030849683 0.0 0.0 0.0 0.0
555.889681000003 4.494021105986461 -2.5865653404550257 0.0 0.0 0.0 0.0
555.9440510000029 4.525451936429769 -2.6179961708983326 0.0 0.0 0.0 0.0
555.9985050000029 4.556931326552259 -2.649475561020823 0.0 0.0 0.0 0.0
556.0525560000028 4.58817774583295 -2.6807219803015143 0.0 0.0 0.0 0.0
556.1067970000029 4.619534002483224 -2.7120782369517884 0.0 0.0 0.0 0.0
556.1610180000029 4.650878697305121 -2.743422931773685 0.0 0.0 0.0 0.0
556.2154000000029 4.682316464845454 -2.774860699314018 0.0 0.0 0.0 0.0
556.2698690000029 4.713804526339228 -2.8063487608077917 0.0 0.0 0.0 0.0
556.323534000003 4.74482780233224 -2.837372036800803 0.0 0.0 0.0 0.0
556.378271000003 4.7764707923262675 -2.869015026794831 0.0 0.0 0.0 0.0
556.432326000003 4.807719523972634 -2.9002637584411968 0.0 0.0 0.0 0.0
556.486223000003 4.8388769171748205 -2.931421151643384 0.0 0.0 0.0 0.0
556.540887000003 4.870477706495271 -2.9630219409638348 0.0 0.0 0.0 0.0
556.595087000003 4.901810261397372 -2.9943544958659354 0.0 0.0 0.0 0.0
556.648985000003 4.932968232690977 -3.0255124671595413 0.0 0.0 0.0 0.0
556.703034000003 4.964213495788831 -3.0567577302573947 0.0 0.0 0.0 0.0
556.7584390000029 4.996242650850656 -3.0887868853192195 0.0 0.0 0.0 0.0
556.813087000003 5.027834190708405 -3.120378425176969 0.0 0.0 0.0 0.0
556.866983000003 5.058991005819173 -3.151535240287737 0.0 0.0 0.0 0.0
556.926313000003 5.093289169700015 -3.185833404168579 0.0 0.0 0.0 0.0
556.980229000003 5.124457546639161 -3.2170017811077245 0.0 0.0 0.0 0.0
557.034536000003 5.15118338335843 -3.215072171539224 0.0 -8.831871880179626E-4 0.0 0.0
557.090420000003 5.182816401275482 -3.2713461120019773 0.0 0.0 0.0 0.0
557.144225000003 5.213272605717308 -3.3018023164438035 0.0 0.0 0.0 0.0
557.1981900000029 5.243819377814756 -3.3323490885412506 0.0 0.0 0.0 0.0
557.2523330000029 5.2744669064290814 -3.3629966171555763 0.0 0.0 0.0 0.0
557.3062570000029 5.304990470564775 -3.39352018129127 0.0 0.0 0.0 0.0
557.3604350000029 5.335657810853768 -3.424187521580263 0.0 0.0 0.0 0.0
557.4144200000029 5.366215903908168 -3.454745614634663 0.0 0.0 0.0 0.0
557.4682250000029 5.3966721083499944 -3.4852018190764893 0.0 0.0 0.0 0.0
557.5225390000029 5.4274164311462645 -3.51594614187276 0.0 0.0 0.0 0.0
557.5791330000029 5.459451343035135 -3.5479810537616308 0.0 0.0 0.0 0.0
557.6333110000029 5.490118683324128 -3.5786483940506235 0.0 0.0 0.0 0.0
557.6882620000029 5.52122357859934 -3.6097532893258353 0.0 0.0 0.0 0.0
557.7445550000028 5.553088110086074 -3.641617820812569 0.0 0.0 0.0 0.0
557.7987300000028 5.583753752231524 -3.6722834629580188 0.0 0.0 0.0 0.0
557.8527410000028 5.614326562529962 -3.7028562732564567 0.0 0.0 0.0 0.0
557.9068840000027 5.644974091144288 -3.733503801870782 0.0 0.0 0.0 0.0
557.9609590000027 5.675583128504974 -3.764112839231469 0.0 0.0 0.0 0.0
558.0156740000027 200.58442743648817 191.08278885278537 0.0 0.0 6.0 6.0
558.0697800000028 203.97517213799063 201.76158374111202 0.7065151287453171 0.5354267725999643 6.0 6.0
558.1238950000028 122.80206245842226 120.95521779037928 3.9272871804832863 3.812065484824783 6.0 6.0
558.1782080000028 108.70230874996325 96.97370130623693 4.6733102776758315 4.836681857677727 6.0 6.0
558.2334250000027 151.6422804674076 133.91198048778028 3.5805006169543505 3.82719207139759 6.0 6.0
558.2877380000027 168.8429850700898 161.35193697118785 3.3795839819851485 3.2956904679301213 6.0 6.0
558.3416700000028 163.4461961020991 161.95759696759336 3.8810281140757565 3.6835972613432135 6.0 6.0
558.3960070000028 162.85305762479388 160.0063015532888 4.178699771750733 4.08601631673725 6.0 6.0
558.4507800000027 166.80009112758876 162.46326983149532 4.306560657178588 4.288171520578191 6.0 6.0
558.5062440000028 170.29795568091612 165.14446024147665 4.437966638761301 4.4526676194430905 6.0 6.0
558.5604190000028 173.2649025950251 167.836325304909 4.563923143968799 4.586941960989786 6.0 6.0
558.6146670000028 175.150265597194 170.59637794535507 4.70278183103781 4.703665978778182 6.0 6.0
558.6706440000028 177.4783637321534 173.86095968790877 4.811147967371738 4.796581713507924 6.0 6.0
558.7247790000027 179.00256019670428 175.87860804496773 4.92346469872773 4.909288806127471 6.0 6.0
558.7787500000028 182.54298243461733 177.84684631179638 4.965086043694139 4.999744779277471 6.0 6.0
558.8326670000027 186.47793476814033 179.80295800195367 4.995856464866136 5.070580813699604 6.0 6.0
558.8866180000027 190.87662810458332 181.40185253254418 5.016711472909106 5.134061448883588 6.0 6.0
558.9407860000027 195.27365804987144 182.77341207411595 5.042657833022137 5.188757664883182 6.0 6.0
558.9950450000027 198.31335910843956 183.4185707401123 5.110221874867516 5.25519270819709 6.0 6.0
559.0494730000028 202.2710746216499 184.29110402392885 5.145465514301072 5.300560895448013 6.0 6.0
559.1033270000028 205.04599786751956 184.9126320793393 5.210995580120604 5.346369247558362 6.0 6.0
559.1572420000027 208.62265233198923 185.7823554297472 5.245132190850433 5.375904652189479 6.0 6.0
559.2119360000028 211.7312575812215 186.4659878006364 5.29144385313231 5.407199668282038 6.0 6.0
559.2660510000028 211.0271482003834 187.484029014638 5.432259789930503 5.4384640350813465 6.0 6.0
559.3209600000027 215.94492884280066 192.438642076904 5.376418855637532 5.350213727177884 6.0 6.0
559.3750790000028 207.58161454286275 187.00661525390947 5.721663744280721 5.608223075249133 6.0 6.0
559.4289780000028 211.16664520078797 191.34874254115468 5.6471319142945555 5.531448468209102 6.0 6.0
559.4845300000028 213.66257769768524 193.12905054575853 5.62155635694145 5.542987530573507 6.0 6.0
559.5387750000028 215.1494381142335 194.02320301887607 5.631448386410087 5.576628194863937 6.0 6.0
559.5924180000028 213.22939185531797 194.498155272177 5.734881789212037 5.627587462005075 6.0 6.0
559.6463330000028 213.12575062974312 195.5017756979019 5.765553210465003 5.657910572219938 6.0 6.0
559.7011630000028 211.96852006121725 196.7165453559378 5.818047661272446 5.6850837093083175 6.0 6.0
559.7550540000028 210.61857563632512 197.90767440522848 5.863351370925156 5.7138305709379935 6.0 6.0
559.8089470000028 211.3913238945224 199.48878837640927 5.839104541810549 5.724298188222138 6.0 6.0
559.8646650000028 211.2350196184649 201.8210019085891 5.842394824075635 5.716714900056917 6.0 6.0
559.9191030000028 207.04427213713328 198.8275831605705 5.970956360293348 5.87139636786113 6.0 6.0
559.9732490000027 211.31582583480724 201.53058666762166 5.832194728032521 5.817135902033652 6.0 6.0
560.0287460000027 213.96919395043832 202.33806768194438 5.773185711291408 5.819855176622206 6.0 6.0
560.0834750000026 215.44119934787147 202.22839928238955 5.764809082284176 5.843683028378061 6.0 6.0
560.1427390000026 237.17392740674316 199.34114382339615 5.241124208779734 5.852966380156738 6.0 6.0
560.1966300000026 175.87593440607162 206.17459228073392 7.0523977327278295 5.848221289974075 6.0 6.0
560.2507790000027 183.24593946761857 210.62027696323725 6.5484548608354585 5.86198759218302 6.0 6.0
560.3048890000027 208.85910973402042 208.5275619486715 5.688932116155611 5.938897659433247 6.0 6.0
560.3594400000027 219.52071941578998 205.18616532652902 5.462698231895717 5.991998784865493 6.0 6.0
560.4134900000026 213.62190728697598 203.69298459019072 5.7467157281983745 6.012044326520073 6.0 6.0
560.4674510000026 210.97553224312637 204.3222798967114 5.871744540866219 5.982850818130566 6.0 6.0
560.5236150000026 215.05329437216236 204.03211242280702 5.788314322132843 5.971067238175396 6.0 6.0
560.5777290000026 218.06574962992028 203.58666506808308 5.7549868851250485 5.958844421484014 6.0 6.0
560.6320580000026 216.8902643241025 203.21347271907084 5.845214450274759 5.956450973569522 6.0 6.0
560.6863060000027 216.49866495778673 203.53241667408486 5.891076394097561 5.940588667558384 6.0 6.0
560.7405660000027 215.96376887860856 203.16742065039116 5.931319292630482 5.951650193335475 6.0 6.0
560.7945560000027 215.84631341794991 203.4424148883331 5.949432535878384 5.944990671957316 6.0 6.0
560.8487710000027 213.84576819933827 203.50567446489006 6.014094817313711 5.9548208613325375 6.0 6.0
560.9058630000027 224.3077079259249 214.27477542376485 5.68750752496517 5.636261149924864 6.0 6.0
560.9603940000027 198.53894516836485 193.62746661260186 6.5025816922370625 6.346020141957311 6.0 6.0
561.0161820000027 208.14304722515797 202.4543566379371 6.12135792522054 6.0396825034654915 6.0 6.0
561.0703640000027 215.24793995794255 205.23694830563298 5.891170614854508 5.942513649514396 6.0 6.0
561.1247810000026 218.41680601465282 203.85483584566686 5.83047349889298 5.971497801209363 6.0 6.0
561.1786890000026 218.8321154696434 204.15293138514676 5.857943454478906 5.94958503646726 6.0 6.0
561.2351940000026 219.51522810665364 203.97368239034915 5.8739167614948276 5.9460674731605865 6.0 6.0
561.2893090000026 218.96945834771387 203.32317261969203 5.92062251537539 5.961393269223783 6.0 6.0
561.3428730000027 220.1954796668306 203.65550844435805 5.906309736081792 5.94391813646315 6.0 6.0
561.3973830000027 220.20774553039502 204.11883816183837 5.926993748490954 5.929633442856375 6.0 6.0
561.4522390000027 218.18614551599845 204.05818329054952 5.9980288721577155 5.94294493353586 6.0 6.0
561.5077190000027 219.71571861808667 203.93797988588366 5.956502689431767 5.94958657600427 6.0 6.0
561.5690990000027 245.15091193202824 213.72270032465906 5.261266528028395 5.593367860927855 6.0 6.0
561.6230320000027 165.00664072505688 196.23286500703432 7.646301789926529 6.379921963355771 6.0 6.0
561.6771470000027 176.97549287178646 211.8549415104837 6.88937107964265 6.003050343808011 6.0 6.0
561.7338140000027 212.4602034245659 211.56359816433732 5.689536128215122 5.995088425490584 6.0 6.0
561.7882170000026 225.5267613990146 208.75855533609482 5.40262072469293 6.01006290473755 6.0 6.0
561.8427730000027 206.11645332314626 203.88921268568924 6.0837610273529075 6.159368462085905 6.0 6.0
561.8975790000027 200.0280800228095 206.92371770355953 6.224037695858956 6.078763475173835 6.0 6.0
561.9518700000027 203.2022217019267 207.30072094823254 6.079002044355367 6.071934464591547 6.0 6.0
562.0059930000027 207.92238389923745 206.9962637995037 5.929495466481086 6.064196305056057 6.0 6.0
562.0600280000027 211.07907885026844 206.5156596294016 5.861040389188915 6.050993841148089 6.0 6.0
562.1141640000027 214.93207307146088 204.84513459454737 5.796946997056331 6.0600821427273885 6.0 6.0
562.1684520000027 217.46407116950323 204.21184899504482 5.786017206608452 6.032512671663231 6.0 6.0
562.2224330000028 219.4770356581292 203.7202668562828 5.79226773705135 6.004624231782945 6.0 6.0
562.2768350000027 218.48967064070382 203.33054342798192 5.878808287564849 5.989013901833836 6.0 6.0
562.3309230000027 219.13629657910198 203.26232841473598 5.898748641365698 5.96968969538092 6.0 6.0
562.3850620000027 219.82296655068706 202.7586531244535 5.913568244452996 5.9676098418929415 6.0 6.0
562.4390550000027 220.06158711243762 202.24586077505361 5.937553764488322 5.968645084320323 6.0 6.0
562.4931600000027 220.11950147682376 202.8082853708949 5.957176181209258 5.942992428396854 6.0 6.0
562.5487880000027 218.49150580871242 202.87644141008923 6.016530073204274 5.9458285160241715 6.0 6.0
562.6025490000027 220.66324206872378 203.80389495143308 5.954255090861797 5.917676658328783 6.0 6.0
562.6566950000026 220.7104154422053 203.71359437120023 5.965066722140187 5.926090937201939 6.0 6.0
562.7119090000026 222.78241480645136 205.86750181698804 5.910492447574546 5.866189814590081 6.0 6.0
562.7660740000026 211.75156014008454 208.9912996817579 6.212686020193033 5.83900393631027 6.0 6.0
562.8200640000026 212.3815068795101 212.9957918522346 6.112893128173684 5.7886370619357255 6.0 6.0
562.8738030000026 214.119266747106 221.0326008370173 5.981683299748273 5.6318146256955535 6.0 6.0
562.9292620000026 213.8208826562897 215.98982678551025 5.963947216671642 5.8688146479602326 6.0 6.0
562.9840910000026 210.70791684909122 217.66982346538705 6.024601569786342 5.8758891744235315 6.0 6.0
563.0380670000027 209.9962734124785 226.1293508948789 5.97852236655707 5.696835150415781 6.0 6.0
563.0919360000026 212.24474808036507 214.52237671291311 5.915606574119258 6.093680221744762 6.0 6.0
563.1460180000026 213.89580839664856 217.84271240735575 5.872797217477111 5.981881188747073 6.0 6.0
563.2014650000026 221.26968114225554 230.6046792362999 5.64085218689935 5.615766354447259 6.0 6.0
563.2568000000026 209.3822935198374 211.72323732763329 6.0665900983323535 6.241679568237074 6.0 6.0
563.3109080000027 215.2814861679763 213.11295574706236 5.899227586568474 6.14122445075077 6.0 6.0
563.3667310000027 216.21978611021282 237.38388368599502 5.813362352951879 5.44734219889372 6.0 6.0
563.4208950000027 223.55888172234725 218.13156245378013 5.6611224362987915 6.070232175946852 6.0 6.0
563.4773790000027 215.7827110048675 200.95294306879885 6.022153973281852 6.512961220399295 6.0 6.0
563.5315230000026 210.6594859399716 243.28204216975845 6.051214126387276 5.261925327293283 6.0 6.0
563.5857080000026 215.4973401753379 232.96527473570964 5.857207767509434 5.720890705971509 6.0 6.0
563.6398380000026 227.24812775530296 192.85900723153227 5.682399788880133 6.828981003102945 6.0 6.0
563.6939930000026 212.80660193084356 217.23421772321788 6.151836599028292 5.981788711465172 6.0 6.0
563.7482130000026 202.90629257860107 243.3560951420597 6.284229140285659 5.33062567558578 6.0 6.0
563.8027070000026 214.07909350670806 210.2647957800538 5.953378356068435 6.390816121143245 6.0 6.0
563.8687880000026 221.91473737954817 195.33562413021826 5.868295711629754 6.631137862887995 6.0 6.0
563.9228710000026 214.02419882134765 247.04258940769432 5.995073260527607 5.083396439252106 6.0 6.0
563.9782220000026 212.0325851436526 235.48366081831313 5.990314969592733 5.635904609030976 6.0 6.0
564.0324700000026 220.5454578459738 193.5504058901813 5.870740996069008 6.8379986240358 6.0 6.0
564.0860420000026 216.7801529040907 221.59116122327882 5.991376957719994 5.8696155610897005 6.0 6.0
564.1404130000026 212.0100317552109 243.8430476169213 6.026832335357678 5.314939230171254 6.0 6.0
564.1943650000026 216.29921131412934 214.2251115530381 5.934064931539901 6.2807743432703225 6.0 6.0
564.2483910000026 221.7787356147795 214.5337941738031 5.826505526321315 6.179842292963991 6.0 6.0
564.3025010000026 215.30704782468476 237.90841241379434 5.977012972769909 5.507219575829668 6.0 6.0
564.3584800000026 219.39135251225727 212.35588408897385 5.912830970944301 6.304392158268102 6.0 6.0
564.4124580000026 223.4463547747842 201.0774178183682 5.900106664840334 6.509665877503056 6.0 6.0
564.4663010000027 215.06418817722076 238.8498743275095 6.074352816516099 5.371513049360915 6.0 6.0
564.5300120000027 217.3118031427877 216.8626576354183 6.01356773552598 6.115199138166942 6.0 6.0
564.5841610000027 222.6737529330425 211.97993025367558 5.897418160887662 6.198577994877119 6.0 6.0
564.6382890000027 216.18715503047844 244.8346673001787 6.001608582529754 5.267911268734591 6.0 6.0
564.6923770000027 219.362628847425 219.27633201452304 5.928898589322167 6.1328541196159305 6.0 6.0
564.7462650000027 223.2074242550972 203.2017981087591 5.914410885314913 6.516087598403383 6.0 6.0
564.7999920000027 215.10730539603858 239.51006772816646 6.080325957651066 5.419712067082605 6.0 6.0
564.8543020000027 215.62763831380641 229.36481738538004 6.020354487321616 5.8463762221019655 6.0 6.0
564.9088370000027 220.28513613756968 198.0671404605651 5.98584132196975 6.720219444779733 6.0 6.0
564.9628340000027 220.77179967525058 217.95901339238995 5.983303317411003 5.9957389240683305 6.0 6.0
565.0168980000027 214.92111179876395 238.02107772098537 6.076137098591801 5.4675475162244505 6.0 6.0
565.0710500000027 216.9543824843128 212.552560060908 6.038805869645751 6.291234686432056 6.0 6.0
565.1254070000027 216.9958538691355 215.8684894515453 6.0469144559991514 6.1333871857070035 6.0 6.0
565.1793610000027 213.76517925678667 238.90780157746272 6.052077380488189 5.492029091753236 6.0 6.0
565.2406050000027 240.6189559565663 240.1158562649868 5.263552030091872 5.501629669899628 6.0 6.0
565.2946970000027 177.88414858105975 164.92621516206188 7.370230457422091 7.820672838602364 6.0 6.0
565.3486870000027 191.5647393719541 215.58559501357482 6.669902863875603 6.091572181352557 6.0 6.0
565.4047400000027 211.44217604649398 252.64949738615698 5.829725424508201 5.075018566381644 6.0 6.0
565.4593530000027 227.00422617581995 208.66040212200434 5.502165053602022 6.432219768967472 6.0 6.0
565.5139910000026 213.5257011614888 194.99384470918505 6.084286802611402 6.695261209568196 6.0 6.0
565.5679230000027 201.53042673262362 247.80257418376198 6.270652894671898 5.141206124535278 6.0 6.0
565.6219220000027 211.87290176132345 236.43075088097683 5.865836046527577 5.659767911640479 6.0 6.0
565.6792620000026 227.79071864133132 191.90500452412192 5.597663871276168 6.872445661447251 6.0 6.0
565.7336780000026 213.52170346875852 216.75627715179385 6.088836144678567 5.989235900852759 6.0 6.0
565.7876960000026 202.4116624736668 243.1095836802125 6.273988311576515 5.323034238310389 6.0 6.0
565.8417920000026 212.39406487781454 208.06505380245557 5.988312771173403 6.4378352134276104 6.0 6.0
565.8959950000026 221.3548708787704 199.86095671235313 5.824291815043622 6.518924005078451 6.0 6.0
565.9502700000025 213.59649817562595 242.686886542331 5.980051402587791 5.234201929588812 6.0 6.0
566.0047670000025 214.32638466825495 227.5396003677142 5.938968900851024 5.829835506703791 6.0 6.0
566.0629530000025 217.7394358345342 199.02785422105373 5.953159988440724 6.615904467907125 6.0 6.0
566.1170860000025 216.72031366447672 227.14821188246333 5.958524994318167 5.695375265944561 6.0 6.0
566.1709500000024 213.31845155970527 230.45512219265083 6.019448001431653 5.685528918511998 6.0 6.0
566.2250770000024 216.34924613690623 203.6784168280432 5.998174965704579 6.480226551070703 6.0 6.0
566.2792770000025 217.937331353117 220.01268170855928 5.950274359239957 5.908682614016239 6.0 6.0
566.3334430000025 215.2278018680804 232.91360496697098 5.982344905709039 5.5821051340423 6.0 6.0
566.3874280000025 221.0643059288378 203.9109793252739 5.892233983176698 6.44751839805689 6.0 6.0
566.4417030000025 220.29733847995055 209.08668131964848 5.97474915514941 6.181536805246284 6.0 6.0
566.4957860000025 215.9506131843197 239.3363388510112 6.014583853979028 5.321070941296692 6.0 6.0
566.5497840000024 220.75148102277805 212.91453942183585 5.90858025323508 6.186599738993135 6.0 6.0
566.6060370000024 223.60871169846857 202.6766728691902 5.918988463440144 6.388790054243302 6.0 6.0
566.6603010000024 213.8663852792753 244.84625953495157 6.09616895061205 5.16897144021738 6.0 6.0
566.7144020000023 216.6550446478426 224.39010225298233 5.983326582434667 5.9292470267184845 6.0 6.0
566.7779590000023 226.09163006645844 200.76751781391886 5.828156672654113 6.525452641258593 6.0 6.0
566.8320970000022 213.96196785497375 230.48818710962036 6.1511105190534945 5.6106845624608646 6.0 6.0
566.8861620000023 209.44037000605164 223.20350260803846 6.223290021957567 5.935856527001865 6.0 6.0
566.9406860000023 216.0417907131945 210.7743280894326 6.025754518100044 6.290535848019475 6.0 6.0
566.9946240000023 216.47840558635343 229.01521351376087 5.969395872260541 5.726636290385503 6.0 6.0
567.0486220000023 218.60536206388227 217.4815879210057 5.929898041280427 6.098663863306084 6.0 6.0
567.1022820000023 218.00773517925148 215.95998153174173 5.977976022968631 6.112051442144064 6.0 6.0
567.1562160000024 215.06398041630035 234.64173409127497 6.0054103983160285 5.586552365203804 6.0 6.0
567.2103570000023 215.61192909827415 210.86151026171387 6.029402051931444 6.335921756599132 6.0 6.0
567.2652380000023 217.13301213532634 205.4977706102075 6.036372230866952 6.395565655926503 6.0 6.0
567.3204750000024 214.80262332874688 239.19103150312674 6.008756207039941 5.397460777884432 6.0 6.0
567.3746530000024 216.73994035203287 215.5151502135982 5.974822832815866 6.184636584686863 6.0 6.0
567.4288530000024 224.04494405691378 199.7245161283453 5.860896353546436 6.53786837686865 6.0 6.0
567.4925640000024 245.23844017925367 255.0 5.186965660712819 4.802271981086658 6.0 6.0
567.5469320000024 165.9788242486075 196.7159387317285 7.630997705641765 6.924358496136672 6.0 6.0
567.6031710000024 199.78374571263146 197.1228842726856 6.4014674714593855 6.735783385236641 6.0 6.0
567.6578100000023 221.88855119807747 228.531941375724 5.660188037917436 5.668966245172271 6.0 6.0
567.7113850000023 221.89726795579762 220.04123481536206 5.735894000790732 5.948069258819046 6.0 6.0
567.7657690000024 216.7626775556779 208.67144403728602 5.976885156326296 6.259986843677741 6.0 6.0
567.8197340000023 214.8856198985697 228.03615043982953 5.992183984248311 5.672221623772281 6.0 6.0
567.8736330000023 218.1203885783722 214.0272180752433 5.92388231223745 6.119654297920526 6.0 6.0
567.9276170000023 222.08251907408643 206.16268971926064 5.879904529659128 6.277939771316319 6.0 6.0
567.9819810000023 214.7658075925016 232.92567089437276 6.04437132277806 5.492075826053631 6.0 6.0
568.0391050000023 214.8097994215451 210.91913618435217 6.0621567221163195 6.214130457116742 6.0 6.0
568.1044330000024 242.94809702849116 224.01575876140194 5.292784791840497 5.702463514804432 6.0 6.0
568.1624080000024 183.7040429727827 198.75434845239675 7.128922744663763 6.595308357950508 6.0 6.0
568.2168090000024 165.73079494985137 228.11393766667 7.289574144806333 5.841886584843586 6.0 6.0
568.2711620000024 203.80952073164363 224.39949020072595 5.916758386566179 5.997060401954325 6.0 6.0
568.3254390000023 227.6556042038315 204.18802870050916 5.3462358282354145 6.467619839149586 6.0 6.0
568.3794280000023 210.00906597659537 211.38770342669002 6.002846087337337 6.159202593386082 6.0 6.0
568.4345560000023 202.15602039183048 214.52744174652588 6.218134588429385 6.065878599486451 6.0 6.0
568.4886850000023 205.88306128634514 209.51776271242184 6.0865624901746 6.197323927250133 6.0 6.0
568.5443140000023 215.68298481677317 207.01811926407765 5.831049216936735 6.187999442548417 6.0 6.0
568.5982530000023 222.11820721090734 204.1720476901749 5.733643823648395 6.172025710289006 6.0 6.0
568.6523820000023 217.79552650421704 203.46684724114397 5.949218308200941 6.124664424528583 6.0 6.0
568.7164630000022 245.96629195851662 234.16072811921205 5.137555980673873 5.154770984688369 6.0 6.0
568.7705380000023 162.7109255020437 155.73714106522274 7.8249054402019125 7.691858986333143 6.0 6.0
568.8245940000022 186.0337475013367 175.47675889257215 6.864060897031476 6.833893100948348 6.0 6.0
568.8795760000022 221.78221756915903 200.4563719100513 5.692920363757352 5.896176637854113 6.0 6.0
568.9342280000022 215.33541835428963 208.3058174751572 5.918614784512909 5.685170013949381 6.0 6.0
568.9903610000023 212.65112552904154 208.15269627082702 5.9905995056501 5.757332687073225 6.0 6.0
569.0444300000023 214.81151302245075 205.93797249198022 5.92565957238971 5.859128963418269 6.0 6.0
569.0987000000023 215.2113972470328 204.23297011690877 5.931993943456225 5.9231560502150815 6.0 6.0
569.1528860000022 215.83753381168742 204.75868098206755 5.928797583484547 5.911094395716603 6.0 6.0
569.2070190000022 213.70803913979583 204.36420716663972 6.002826295391165 5.937260369803128 6.0 6.0
569.2612680000022 212.87933723426048 207.18234283093426 6.01297793987948 5.874169303419977 6.0 6.0
569.3153810000023 210.9278399375193 213.21765785630885 6.029862819539875 5.747116054960539 6.0 6.0
569.3695550000023 211.30501794704793 217.44060096339388 5.968181147106369 5.698147732202431 6.0 6.0
569.4250990000023 219.27650466145255 213.35972663635343 5.7389409663414535 5.855515903214173 6.0 6.0
569.4794700000023 208.92199393273108 218.6448968809991 6.043593139569007 5.763952353516842 6.0 6.0
569.5341940000022 212.2659952084794 218.51395116121768 5.909074788209197 5.82668780658777 6.0 6.0
569.5903820000023 217.3450895138127 219.49821733082103 5.762794154081606 5.82510847392281 6.0 6.0
569.6448860000022 220.384666468488 220.71380925241164 5.7067674726386945 5.8079668958234985 6.0 6.0
569.6990590000022 213.3103914495146 220.87197695141202 5.94173016197644 5.854078353596814 6.0 6.0
569.7532810000022 215.91670000377914 220.16942288768396 5.863825787354487 5.901862370377 6.0 6.0
569.8073840000022 217.76471851203817 219.14697623596362 5.832397455057028 5.9405525682227 6.0 6.0
569.8616030000022 220.43901986721872 218.54966883179588 5.790726726285999 5.949958441949224 6.0 6.0
569.9174190000023 222.0882812766526 228.52169226216841 5.751361789192978 5.669727339772189 6.0 6.0
569.9742070000023 210.44630248267882 204.23463699399946 6.179106717434371 6.426575042777218 6.0 6.0
570.0281120000022 215.99484355761967 218.6582020042957 5.974829812656125 5.93034113199599 6.0 6.0
570.0821220000022 215.29884815924848 234.72718618751836 5.9303566177800375 5.513864067055444 6.0 6.0
570.1369010000022 219.0133748671334 204.93251384469227 5.900515142118349 6.424985919700911 6.0 6.0
570.1909810000022 219.5631335139338 209.10324271384493 5.939531483211426 6.19495705692576 6.0 6.0
570.2456710000023 214.23064260504782 248.72095941114216 5.9732615236189215 5.0866123677858965 6.0 6.0
570.3009310000023 212.68963845268914 230.5420074004105 5.982820465970567 5.8170408766770265 6.0 6.0
570.3550990000023 220.8867632793059 209.04651662710083 5.813887854543169 6.423965334253837 6.0 6.0
570.4090700000023 215.33415793947904 235.29651601299162 5.952415665055191 5.613826478971878 6.0 6.0
570.4631770000024 215.12827693615114 229.09568015758518 5.943659204632145 5.8807211280431995 6.0 6.0
570.5170310000024 219.00717647241177 206.65964043057397 5.9145824043036965 6.506842199343895 6.0 6.0
570.5711480000024 218.4435319210601 230.32310322424235 5.9150859792638375 5.735169519301213 6.0 6.0
570.6291040000024 219.76061046421793 235.35072081982665 5.850165476475244 5.658166835855318 6.0 6.0
570.6828700000024 222.46747678163564 207.24357677148046 5.876983013996346 6.48359328259342 6.0 6.0
570.7369750000024 217.5896755949875 234.10057540947548 5.992635563240265 5.639814712031741 6.0 6.0
570.7909080000024 216.50090520051376 234.29121216977205 5.983288955876447 5.728056504875177 6.0 6.0
570.8449810000025 224.56835205873674 209.27156920853167 5.828537228154399 6.44589560751758 6.0 6.0
570.9037980000024 213.05741693109584 247.51043878673343 6.080112328007545 5.338853998318857 6.0 6.0
570.9577880000024 214.62580069845518 245.88356063707306 5.944990671957316 5.55677176525598 6.0 6.0
571.0118780000024 229.04982113975274 201.62486250441353 5.672414284085164 6.818956674162094 6.0 6.0
571.0660630000024 207.96120016202605 214.70665694892642 6.363528281793157 6.305991859715461 6.0 6.0
571.1201170000023 194.9716290756176 255.0 6.493414710528405 5.117179917411494 6.0 6.0
571.1740100000023 208.8960796061127 235.38353914456152 5.970820358330586 5.993069651661673 6.0 6.0
571.2277930000023 225.30555533668482 216.11881981218485 5.5844012110240815 6.4726259964249095 6.0 6.0
571.2816690000022 210.17095717641055 247.9724869907636 6.019887772706844 5.513334069265526 6.0 6.0
571.3352180000022 207.05432392937854 249.4504197206548 6.028882201294954 5.619552359370754 6.0 6.0
571.3891360000022 220.6399177379806 227.29105112090292 5.676276506551642 6.285624478184283 6.0 6.0
571.4431430000021 218.5128786204565 231.1219590651499 5.817898209595034 6.0967594579254945 6.0 6.0
571.4972180000021 215.35622306136517 238.05559273556966 5.925889055315006 5.8842011664361245 6.0 6.0
571.5512860000022 218.00808911594575 232.9632092281865 5.87254369723973 6.039316841511796 6.0 6.0
571.6056640000022 223.98880555863263 218.4242752616157 5.797609695671635 6.39033656551666 6.0 6.0
571.6604590000022 215.96590714458227 235.30927262953347 6.047596877369259 5.841020981717335 6.0 6.0
571.7147700000022 217.72033924651228 225.06481984277374 6.013178660556414 6.152711958892134 6.0 6.0
571.7775720000022 221.82942432975722 229.69975147324269 5.906623186470082 5.969248361190867 6.0 6.0
571.8316320000023 223.27989222073714 226.7525759903494 5.904465524492175 6.034887227287118 6.0 6.0
571.8854870000023 219.31383813058582 228.48012368428286 6.040937736911474 5.975923959114844 6.0 6.0
571.9411770000023 219.1839988475205 229.84230632973666 6.033946953089579 5.942654007467612 6.0 6.0
571.9955070000024 223.8947912194425 231.0071095834239 5.8936615945713315 5.905138167478675 6.0 6.0
572.0493910000024 222.3771573039435 227.49754078214033 5.970037396597707 6.011873054513333 6.0 6.0
572.1037850000024 221.19029905741982 220.3652421314788 6.04456476041448 6.196229988538666 6.0 6.0
572.1594970000024 219.6477320222631 222.5614594196889 6.096993691855529 6.089245464910217 6.0 6.0
572.2132780000023 220.5120713563992 224.82862410543305 6.059951670307427 6.003766687933715 6.0 6.0
572.2683060000023 222.75759688090096 217.094714005173 6.022861709349209 6.200671230146204 6.0 6.0
572.3226570000023 219.70165222439957 222.72652430408593 6.11111999487339 6.001693441896597 6.0 6.0
572.3774410000024 216.4258463450441 219.0105021343029 6.195894719764106 6.116224461250818 6.0 6.0
572.4404460000023 217.07132429893622 215.99485178395824 6.160123667114413 6.173826364347243 6.0 6.0
572.4944940000023 216.49370596400337 220.4904389758581 6.146267134546761 6.020253572157844 6.0 6.0
572.5485080000024 216.72675130650944 216.4061428777509 6.127936552051155 6.1341523984305715 6.0 6.0
572.6035160000024 221.72359371417915 213.18190668116972 5.994533895258491 6.175895793471402 6.0 6.0
572.6584900000024 217.90823302410928 214.2386794399175 6.123004780023192 6.10817276502456 6.0 6.0
572.7126950000024 220.51940186034244 219.4445486583909 6.023167968642007 5.934683056512699 6.0 6.0
572.7669370000025 221.8332402605464 216.63609733528466 5.99341627499482 6.016406659053519 6.0 6.0
572.8211360000025 220.57737126730296 219.20320563210427 6.029144434767398 5.9388798329258785 6.0 6.0
572.8751590000026 221.0328382883002 219.93099044702234 6.0070585977978395 5.928929547161391 6.0 6.0
572.9293570000026 220.16905942805232 221.99079289225182 6.018636116840509 5.889431459722627 6.0 6.0
572.9832410000026 219.86461911033467 225.07666811032271 6.002081730320314 5.832958857895449 6.0 6.0
573.0381890000026 221.7262529712255 224.3579352302997 5.936486137084551 5.886731731877402 6.0 6.0
573.0924870000026 220.4020882980059 224.444146310933 5.974868321772317 5.911268304154398 6.0 6.0
573.1523490000026 218.85746078529013 234.3079543844674 5.970767996557767 5.679921407353464 6.0 6.0
573.2063280000026 221.14246798191402 223.6912502593941 5.915102776029314 6.041277418390161 6.0 6.0
573.2606650000026 219.36379438321762 231.69005383264158 5.952925910580258 5.81787287613204 6.0 6.0
573.3163060000027 223.40039234466033 236.88821820832183 5.809103340524092 5.710833896864833 6.0 6.0
573.3703050000026 210.79882196669007 215.73999477558215 6.237113979212092 6.390776855658075 6.0 6.0
573.4247970000026 213.5221449294579 247.66187340522822 6.018730829946606 5.453649637664401 6.0 6.0
573.4786660000026 214.4477830108735 248.53760612507452 5.912045101166748 5.578157011868927 6.0 6.0
573.5328060000026 226.67042795327802 228.71051189973258 5.611363208147876 6.184547924862697 6.0 6.0
573.5871120000025 215.80232730168942 228.58042434992524 6.008433078366318 6.155044851261924 6.0 6.0
573.6412610000026 209.25588754146682 234.075245928276 6.1693477756957895 6.003709867001588 6.0 6.0
573.6955540000026 214.42788932559787 228.56242363302107 5.9966205229857605 6.1627025292204864 6.0 6.0
573.7499830000027 220.25256089912847 231.32065829651216 5.83711891838609 6.035390620776923 6.0 6.0
573.8043580000027 221.52539527742374 232.47815817568843 5.835859119740303 5.979638599262321 6.0 6.0
573.8610630000027 229.04463022564698 239.61324173416907 5.642585630896076 5.750852901283529 6.0 6.0
573.9150360000027 202.03825568777484 223.64235980027908 6.49338452652411 6.3103220915352 6.0 6.0
573.9778080000027 206.89832508026248 245.79153502772252 6.170763711537447 5.690917301081092 6.0 6.0
574.0318150000027 219.5520358535646 244.0519543660427 5.745962664643546 5.798360160348952 6.0 6.0
574.0859710000027 230.8796975915602 230.4198049260342 5.518483449429384 6.160579501561674 6.0 6.0
574.1402410000027 216.22042038149206 246.21460239557484 5.987672670875436 5.701324929862352 6.0 6.0
574.1938010000026 211.81653091361704 242.35506729590196 6.085851830235687 5.901377804775335 6.0 6.0
574.2480520000026 223.70048624776808 228.2259789007178 5.775817776012324 6.282406416094226 6.0 6.0
574.3029350000027 220.08340107562142 228.07961551730295 5.957499630239545 6.208314122520424 6.0 6.0
574.3578300000027 215.96702567598336 233.28081571084292 6.083761475779432 6.025221763173196 6.0 6.0
574.4134650000027 224.5471361851383 230.7840550160265 5.845938264188516 6.060602565586973 6.0 6.0
574.4682360000027 211.0267046666262 225.03410964868317 6.282308726327195 6.23064212263981 6.0 6.0
574.5223720000026 213.02558576968661 239.08121012683128 6.134504204129303 5.812008604721004 6.0 6.0
574.5766410000026 216.9550367362023 229.86452975520646 6.0089943387068585 6.107980566966186 6.0 6.0
574.6370410000026 242.4174153772357 219.7187669870742 5.390306590305727 6.243957088917786 6.0 6.0
574.6910080000025 172.02667533664408 248.44674208368875 7.379302845874303 5.591135035938244 6.0 6.0
574.7447840000025 189.5710611232957 231.57283286004144 6.5742541437397 6.240680537748837 6.0 6.0
574.8010550000025 221.99926406188624 214.5302501731168 5.63240627788597 6.593017941805082 6.0 6.0
574.8554040000025 219.29326648290592 247.82820201044728 5.730102859328725 5.520949251187511 6.0 6.0
574.9103850000025 216.56816230911522 244.87726433458653 5.82475032610684 5.706981673414849 6.0 6.0
574.9645580000025 229.35498681149713 217.20594569706086 5.58758144125068 6.468526384056008 6.0 6.0
575.0185360000025 205.25900427305737 234.27866568462855 6.332840391614016 5.932095194950914 6.0 6.0
575.0727240000025 198.27262869833874 240.39932438064008 6.4100876950580545 5.844491721964697 6.0 6.0
575.1266090000025 213.07148215238058 219.30524442169528 5.962805773504934 6.450582690041835 6.0 6.0
575.1807690000026 219.6579668847747 240.5486408712598 5.759840399085553 5.737700791155489 6.0 6.0
575.2351400000025 222.6746530546514 244.44403125650507 5.693380546311249 5.661623233068733 6.0 6.0
575.2893760000024 229.1252445170835 225.54596079948735 5.627961160257333 6.20101565929045 6.0 6.0
575.3528110000025 241.46151482398125 233.11855721640487 5.410656464262826 5.846170455796558 6.0 6.0
575.4069360000025 152.5562126065115 242.39359026305593 7.9257880418756725 5.890285455539758 6.0 6.0
575.4626600000025 191.94672732417004 226.05399697627672 6.4175932595725325 6.430504190218132 6.0 6.0
575.5174960000026 223.14177963027652 228.0267374278023 5.492909562543997 6.214509942973741 6.0 6.0
575.5718070000025 217.63254353027293 232.68407752677405 5.765904460974127 6.0087630498495885 6.0 6.0
575.6259890000025 209.6358279224269 223.59473938804052 6.073526910370665 6.2594241048288835 6.0 6.0
575.6801970000025 211.78027152389024 234.4243262465568 5.9856730257934805 5.900732211236766 6.0 6.0
575.7343600000025 215.03995634402847 226.5341985496857 5.920688789381264 6.124361900592405 6.0 6.0
575.7883310000026 220.1841574674337 224.98299981857713 5.82355626352742 6.1043808903051815 6.0 6.0
575.8422710000026 218.6357869186515 234.1573393890194 5.89359285493725 5.809119209611505 6.0 6.0
575.8963140000026 221.5085159163834 220.95015922669398 5.878810310471967 6.184110845919183 6.0 6.0
575.9503500000026 219.60673145901504 231.61086872839516 5.951468809405425 5.832528194869955 6.0 6.0
576.0046050000026 221.8344174076176 229.0966318358677 5.905344897604631 5.917721368946916 6.0 6.0
576.0648780000026 247.8922289864568 211.1528094492514 5.318904657243176 6.2849654372990145 6.0 6.0
576.1189310000026 166.3308832731217 246.722484284646 7.6177912831859755 5.459786810185592 6.0 6.0
576.1731500000026 183.24677712920746 237.57858708837637 6.732847710626754 5.954381545162092 6.0 6.0
576.2291850000025 223.34719475456654 208.68725163077798 5.557693589750279 6.686693719872045 6.0 6.0
576.2831560000026 218.0810350420524 242.12174640205026 5.75335010683298 5.588054598666323 6.0 6.0
576.3372060000025 210.6216153652309 250.70999752808692 5.935729077504467 5.4627520109310055 6.0 6.0
576.3914090000026 223.64864648525474 214.15928586321354 5.668552623392501 6.539276285805586 6.0 6.0
576.4456210000026 216.09309994677443 225.48671757026926 5.971075618613922 6.091399560550727 6.0 6.0
576.4996990000026 209.4433112185884 246.50107867936347 6.093189546160741 5.517573823386605 6.0 6.0
576.5545870000026 214.59342318128853 225.19609233825236 5.956083095755306 6.206874740192186 6.0 6.0
576.6089830000026 219.6898861727863 225.2018779994001 5.85035924188641 6.132516733582514 6.0 6.0
576.6632040000026 216.53288859227501 237.88509410003905 5.9426622672228016 5.748937492509822 6.0 6.0
576.7173150000026 218.0186956621064 223.5727858892871 5.944992609234183 6.185203284215914 6.0 6.0
576.7725550000026 221.16094531496256 230.3485633082859 5.872979727291696 5.9337586422695825 6.0 6.0
576.8294350000026 217.33356236587625 224.34702842246702 6.029978491164098 6.1058697041699395 6.0 6.0
576.8835510000026 220.0168136706898 230.03453517152425 5.947102239968401 5.911650065661585 6.0 6.0
576.9373750000026 222.9127754167889 226.58530430506192 5.892036761470724 6.003425841202097 6.0 6.0
576.9915110000026 221.09039803892242 230.5875349350449 5.961738704446286 5.881114804594211 6.0 6.0
577.0455520000025 220.13769918156308 229.15878399934994 5.99706995446523 5.9411552871378195 6.0 6.0
577.0996590000026 223.47348204150555 225.97132441438174 5.919725006492687 6.022553413314063 6.0 6.0
577.1539420000026 218.52866895988384 240.03118879832283 6.0304175926053185 5.638992685129252 6.0 6.0
577.2079760000026 220.34443174402247 241.3630686611883 5.932160809109049 5.686281930742565 6.0 6.0
577.2616260000026 229.61642811668062 244.89452125937643 5.64830926641586 5.627747203559329 6.0 6.0
577.3157740000026 232.7823069645985 255.0 5.545872185231006 5.23939210599607 6.0 6.0
577.3704300000027 240.5750315301916 255.0 5.281959554375057 4.814226634873163 6.0 6.0
577.4246160000026 251.4776047864816 255.0 4.944500343586844 4.453236883026389 6.0 6.0
577.4880280000026 255.0 255.0 4.206957321937868 3.4634407725914245 6.0 6.0
577.5424910000027 226.5503364154675 255.0 5.724273415492991 4.541550462107286 6.0 6.0
577.5966690000026 255.0 255.0 4.630067182638461 4.007708247763731 6.0 6.0
577.6525860000027 253.92346837347097 255.0 4.741685485874682 4.169560988935751 6.0 6.0
577.7070390000026 235.42903362547284 255.0 5.32895601801799 5.0145035719961015 6.0 6.0
577.7612860000027 203.31701718650274 255.0 6.414610102417864 7.130782973949011 6.0 6.0
577.8152910000026 198.55529240359803 251.78231023582242 6.650287763878344 8.160102026510982 6.0 6.0
577.8695050000026 219.99630838052823 230.7761981307492 6.169913342046861 8.233923641300564 6.0 6.0
577.9238960000026 236.5144879650687 218.77230929478498 5.950543071274259 7.976972824947681 6.0 6.0
577.9779690000026 219.49890693543813 215.003021948908 6.667647898955504 7.631826862127599 6.0 6.0
578.0327320000026 216.4559188324767 216.43119561083552 6.791209654129392 7.23350535639085 6.0 6.0
578.0864480000026 227.5925266546135 214.78688780304748 6.478020593973152 6.972689568344086 6.0 6.0
578.1406190000026 234.99845162436287 212.73817084648456 6.325329675491981 6.757407066539026 6.0 6.0
578.2045320000026 255.0 205.09083165391536 5.727402847644228 6.603173173011211 6.0 6.0
578.2584580000026 156.04158410533137 216.63203875886748 8.759078231478728 6.434115752083379 6.0 6.0
578.3125880000026 192.27956641472025 219.47975024903604 7.177208527978961 6.36467763660159 6.0 6.0
578.3679580000027 236.91111440175533 212.00791265355522 5.776898893023706 6.403184378052367 6.0 6.0
578.4218810000027 222.67101235517 208.18107852381596 6.3108364661964504 6.401563079241135 6.0 6.0
578.4757680000027 205.62557147060153 210.37218750264114 6.768988634415609 6.302591521406564 6.0 6.0
578.5319790000027 213.91085645424363 210.01997857769607 6.41830853522121 6.255333670793233 6.0 6.0
578.5859750000027 219.13366053666778 207.10080641381143 6.2401253334197495 6.268550103621804 6.0 6.0
578.6401180000026 223.52796555035778 207.16255853192726 6.118651430511964 6.181547659202618 6.0 6.0
578.6972470000027 220.3746375579197 204.73069664150557 6.2320569178170455 6.195116259810317 6.0 6.0
578.7513790000027 219.35894655915664 205.17538277225816 6.250143014396362 6.134957503782308 6.0 6.0
578.8055720000027 218.44929732286795 204.84782986284443 6.255498442750531 6.113891234086116 6.0 6.0
578.8594330000027 219.33511816132756 205.13592095174687 6.204116878620722 6.07766580975835 6.0 6.0
578.9212190000027 221.70795616246355 204.9854527761186 6.120192864882785 6.050327649530242 6.0 6.0
578.9752800000027 223.1782823072069 204.6366146369731 6.078248692985821 6.03388839016152 6.0 6.0
579.0291550000027 220.84870061791668 204.67249571901618 6.145527450872026 6.021780048920525 6.0 6.0
579.0837520000026 221.52665322249612 204.86035995465994 6.110818240683079 6.006277215576512 6.0 6.0
579.1378590000027 222.29785545443733 203.96734527364043 6.082832134554181 6.02166696153112 6.0 6.0
579.1920570000027 222.24472147426675 205.06681291227636 6.07704370156503 5.9805826904290775 6.0 6.0
579.2459720000027 219.67546510696033 204.31539273651208 6.141857640032462 6.010195570112877 6.0 6.0
579.2996390000027 221.73235425280865 205.43056198993727 6.059418489602705 5.973621413643729 6.0 6.0
579.3535490000027 221.51591989421306 204.6317645953664 6.060575699746587 5.9991870145906105 6.0 6.0
579.4083260000026 223.94061679193695 207.96309512158103 5.976032973317167 5.898103752126658 6.0 6.0
579.4626130000026 215.03358602236187 203.10093448608208 6.23759870935992 6.0785664476481935 6.0 6.0
579.5167380000026 216.69108932766122 205.91399890911677 6.136637096376234 5.997510450292324 6.0 6.0
579.5711200000027 218.78602912558074 206.3000840121277 6.04678053077498 5.992098443127948 6.0 6.0
579.6285230000027 226.45029568932256 215.12573824219146 5.796230890385519 5.7327288653503015 6.0 6.0
579.6835690000026 200.09008798845363 196.33836159285684 6.600326874689589 6.384236965128794 6.0 6.0
579.7415220000026 208.69799402735046 203.39145823079946 6.227036867229632 6.1335154469748545 6.0 6.0
579.7954060000027 210.6231973443339 205.390158808282 6.120467741017718 6.068840758909077 6.0 6.0
579.8532990000027 215.35687109832654 205.64901164681407 5.963405751447316 6.045425363755357 6.0 6.0
579.9073330000027 215.11749978204156 205.0656343160747 5.980981525030192 6.051993475460945 6.0 6.0
579.9618440000028 219.2546396218473 205.5100947405046 5.874092099448927 6.01311345231186 6.0 6.0
580.0160420000028 216.47259008043383 204.05102312768935 5.9858924708585795 6.04783990920277 6.0 6.0
580.0704010000028 219.7365939859072 204.8823425310731 5.9028701757894035 5.999927831893563 6.0 6.0
580.1272640000028 219.99209171263703 204.05381323199353 5.925501776257546 6.009007068193417 6.0 6.0
580.1814400000028 219.88895448738597 204.12094839802782 5.950254365972877 5.994520504687151 6.0 6.0
580.2362560000028 220.68144960616215 203.8202090947036 5.945531610858213 5.99190588243665 6.0 6.0
580.2992330000028 219.66444007090752 204.05967051730772 5.989979431600006 5.980840238570229 6.0 6.0
580.3532030000028 220.05607259112764 204.2033078248757 5.983630526040075 5.974743506099425 6.0 6.0
580.4094040000028 220.02767160138768 204.40640391055942 5.9893251859752485 5.969696448546148 6.0 6.0
580.4639080000028 221.09811261437295 204.40488613366483 5.963726008029673 5.968125982950752 6.0 6.0
580.5206580000028 216.18355267090308 204.917254567222 6.102953371643918 5.973642768422546 6.0 6.0
580.5745200000027 216.84850693391908 205.80691049785187 6.055290873229776 5.962680542227439 6.0 6.0
580.6290520000027 215.9369337177939 205.49086146158962 6.063570420966648 5.98968879703842 6.0 6.0
580.6832530000028 216.06169062031537 205.9804024606909 6.04042584871154 5.986446068932548 6.0 6.0
580.7375270000027 214.44719585049677 206.04804497716222 6.070301452457179 6.000487241546693 6.0 6.0
580.7916420000028 213.3531272982999 206.07373194261092 6.07927392708979 6.014572513373862 6.0 6.0
580.8457920000028 213.04807461260017 205.4887871893241 6.067372841087476 6.040800405287093 6.0 6.0
580.8997660000028 213.85365716768345 205.4784487360624 6.0285075233999175 6.0400597931234135 6.0 6.0
580.9565770000029 226.1852008812095 203.7341765634581 5.697909761072643 6.03645796290849 6.0 6.0
581.0110970000029 199.06948627913917 206.71576446593235 6.4986152380715545 6.016519509025499 6.0 6.0
581.0655980000029 208.591042499674 207.55815121068756 6.110141488789528 6.013336712213574 6.0 6.0
581.1198980000029 212.998308375695 208.18368019925734 5.954332328974962 5.996730779025517 6.0 6.0
581.1742570000029 218.51163959963534 205.34678770935713 5.819047654608537 6.05639774089962 6.0 6.0
581.2283070000028 220.19475912645063 204.52906923312992 5.82303097721398 6.043102858096191 6.0 6.0
581.2828300000028 218.70126760178348 205.92010771804738 5.906227423373782 5.981880619443211 6.0 6.0
581.3372840000028 216.00967253936514 203.25803055882747 6.011480482230772 6.057282238285864 6.0 6.0
581.3915860000028 219.93013150028264 204.17634900519653 5.90729979360791 6.002692792667368 6.0 6.0
581.4482910000028 220.70865497960563 204.17573443955317 5.91409964491461 5.985150041106376 6.0 6.0
581.5023960000028 219.1337334684482 204.4235192639319 5.980224779529412 5.9740193876739855 6.0 6.0
581.5578470000028 218.53855900021955 204.54071695461425 6.002866161848461 5.972592341147496 6.0 6.0
581.6117120000027 218.2379810437806 203.9421444799845 6.013993644656018 5.992623220096979 6.0 6.0
581.6669020000028 220.15926692606016 204.69451234819576 5.959122704678829 5.964337045677527 6.0 6.0
581.7207290000027 215.4118539657938 203.87208650283148 6.101108172571901 6.004873371544039 6.0 6.0
581.7810850000027 215.84629197469945 205.09996717380048 6.060966299429834 5.9783203711302795 6.0 6.0
581.8351460000027 214.32816918323624 204.48089974541762 6.088007959607168 6.011708238749369 6.0 6.0
581.8892040000028 213.49603553342007 204.37977622038318 6.0901203299708175 6.024463438301551 6.0 6.0
581.9449870000028 213.9525707440218 204.07997162697652 6.0574202254401275 6.035924766868657 6.0 6.0
581.9991410000029 216.0485765348662 204.6421308257891 5.986327582496119 6.012012373129703 6.0 6.0
582.0532400000028 217.2470359608028 203.9468807345192 5.95961004413328 6.023444010687518 6.0 6.0
582.1078390000029 221.4603918413549 204.94291965257267 5.854082958911778 5.97091864821779 6.0 6.0
582.1619090000029 215.69493534315845 203.52076667807975 6.049738153251267 6.02135228508352 6.0 6.0
582.2161550000029 217.40027063915213 204.22600230950655 5.992090151193623 5.994742692207874 6.0 6.0
582.2702300000029 219.80112521653936 204.27951820777432 5.929436960751506 5.9835425186581395 6.0 6.0
582.3241800000029 220.73096145585615 203.33781513438058 5.925394600931304 6.000073242563446 6.0 6.0
582.3781470000029 219.6415914578261 203.4739041680906 5.975964390661064 5.989295661609892 6.0 6.0
582.4321820000029 219.79625555800015 203.50409637647147 5.979983204901669 5.98442136966707 6.0 6.0
582.4963990000028 255.0 197.42747730208038 5.027338757605362 5.980374599932571 6.0 6.0
582.5504060000028 149.86218733220252 209.5435200449926 8.165128398567662 5.939566970809279 6.0 6.0
582.6043910000028 166.24859666204964 216.52578891189967 7.144067168082604 5.9464297420690055 6.0 6.0
582.6582990000028 216.50975408611362 210.68527620949905 5.4842593337496925 6.083933375110382 6.0 6.0
582.7128180000028 227.04860896944734 205.61159759504596 5.329542875366223 6.130997738267944 6.0 6.0
